python3 trc.py compress sample/regex\ original.txt sample/regex\ compressed.trc && python3 trc.py decompress sample/regex\ compressed.trc sample/regex\ decompressed.txt
execution time: 17.87 hours

Loading model...
Load time: 190.22 seconds
Global seed set to 0
Input bytes: b'A regular expression (shortened as regex or regexp; sometimes referred to as rational expression) is a sequence of characters that specifies a match pattern in text. Usually such patterns are used by string-searching algorithms for "find" or "find and replace" operations on strings, or for input validation. Regular expression techniques are developed in theoretical computer science and formal language theory.\n'
Input tokens: [b'', b'A', b'regular', b'expression', b'(', b'short', b'ened', b'as', b're', b'gex', b'or', b're', b'gex', b'p', b';', b'sometimes', b'referred', b'to', b'as', b'rational', b'expression', b')', b'is', b'a', b'sequence', b'of', b'characters', b'that', b'specifies', b'a', b'match', b'pattern', b'in', b'text', b'.', b'Usually', b'such', b'patterns', b'are', b'used', b'by', b'string', b'-', b'search', b'ing', b'algorithms', b'for', b'"', b'find', b'"', b'or', b'"', b'find', b'and', b'replace', b'"', b'operations', b'on', b'strings', b',', b'or', b'for', b'input', b'validation', b'.', b'Regular', b'expression', b'techniques', b'are', b'developed', b'in', b'theoretical', b'computer', b'science', b'and', b'formal', b'language', b'theory', b'.', b'\n']
Output bits: [1, 0, 0, 0, 0, 0]...
Output bits: [1, 0, 0, 0, 0, 0, 0, 1, 0, 1, 0, 0, 0, 1, 1, 1, 0, 0]...
Output bits: [1, 0, 0, 0, 0, 0, 0, 1, 0, 1, 0, 0, 0, 1, 1, 1, 0, 0, 0, 0, 1, 0, 0, 0]...
Output bits: [1, 0, 0, 0, 0, 0, 0, 1, 0, 1, 0, 0, 0, 1, 1, 1, 0, 0, 0, 0, 1, 0, 0, 0, 0, 1, 1]...
Output bits: [1, 0, 0, 0, 0, 0, 0, 1, 0, 1, 0, 0, 0, 1, 1, 1, 0, 0, 0, 0, 1, 0, 0, 0, 0, 1, 1, 1, 1, 0, 1, 1, 1, 1, 0, 1]...
Output bits: [1, 0, 0, 0, 0, 0, 0, 1, 0, 1, 0, 0, 0, 1, 1, 1, 0, 0, 0, 0, 1, 0, 0, 0, 0, 1, 1, 1, 1, 0, 1, 1, 1, 1, 0, 1, 0, 0]...
Output bits: [1, 0, 0, 0, 0, 0, 0, 1, 0, 1, 0, 0, 0, 1, 1, 1, 0, 0, 0, 0, 1, 0, 0, 0, 0, 1, 1, 1, 1, 0, 1, 1, 1, 1, 0, 1, 0, 0, 0, 0]...
Output bits: [1, 0, 0, 0, 0, 0, 0, 1, 0, 1, 0, 0, 0, 1, 1, 1, 0, 0, 0, 0, 1, 0, 0, 0, 0, 1, 1, 1, 1, 0, 1, 1, 1, 1, 0, 1, 0, 0, 0, 0, 1]...
Output bits: [1, 0, 0, 0, 0, 0, 0, 1, 0, 1, 0, 0, 0, 1, 1, 1, 0, 0, 0, 0, 1, 0, 0, 0, 0, 1, 1, 1, 1, 0, 1, 1, 1, 1, 0, 1, 0, 0, 0, 0, 1, 1]...
Output bits: [1, 0, 0, 0, 0, 0, 0, 1, 0, 1, 0, 0, 0, 1, 1, 1, 0, 0, 0, 0, 1, 0, 0, 0, 0, 1, 1, 1, 1, 0, 1, 1, 1, 1, 0, 1, 0, 0, 0, 0, 1, 1, 0, 1, 0]...
Output bits: [1, 0, 0, 0, 0, 0, 0, 1, 0, 1, 0, 0, 0, 1, 1, 1, 0, 0, 0, 0, 1, 0, 0, 0, 0, 1, 1, 1, 1, 0, 1, 1, 1, 1, 0, 1, 0, 0, 0, 0, 1, 1, 0, 1, 0, 1]...
Output bits: [1, 0, 0, 0, 0, 0, 0, 1, 0, 1, 0, 0, 0, 1, 1, 1, 0, 0, 0, 0, 1, 0, 0, 0, 0, 1, 1, 1, 1, 0, 1, 1, 1, 1, 0, 1, 0, 0, 0, 0, 1, 1, 0, 1, 0, 1, 1]...
Output bits: [1, 0, 0, 0, 0, 0, 0, 1, 0, 1, 0, 0, 0, 1, 1, 1, 0, 0, 0, 0, 1, 0, 0, 0, 0, 1, 1, 1, 1, 0, 1, 1, 1, 1, 0, 1, 0, 0, 0, 0, 1, 1, 0, 1, 0, 1, 1, 1]...
Output bits: [1, 0, 0, 0, 0, 0, 0, 1, 0, 1, 0, 0, 0, 1, 1, 1, 0, 0, 0, 0, 1, 0, 0, 0, 0, 1, 1, 1, 1, 0, 1, 1, 1, 1, 0, 1, 0, 0, 0, 0, 1, 1, 0, 1, 0, 1, 1, 1, 0, 0, 1]...
Output bits: [1, 0, 0, 0, 0, 0, 0, 1, 0, 1, 0, 0, 0, 1, 1, 1, 0, 0, 0, 0, 1, 0, 0, 0, 0, 1, 1, 1, 1, 0, 1, 1, 1, 1, 0, 1, 0, 0, 0, 0, 1, 1, 0, 1, 0, 1, 1, 1, 0, 0, 1, 1, 1, 1]...
Output bits: [1, 0, 0, 0, 0, 0, 0, 1, 0, 1, 0, 0, 0, 1, 1, 1, 0, 0, 0, 0, 1, 0, 0, 0, 0, 1, 1, 1, 1, 0, 1, 1, 1, 1, 0, 1, 0, 0, 0, 0, 1, 1, 0, 1, 0, 1, 1, 1, 0, 0, 1, 1, 1, 1, 1, 0, 0, 0]...
Output bits: [1, 0, 0, 0, 0, 0, 0, 1, 0, 1, 0, 0, 0, 1, 1, 1, 0, 0, 0, 0, 1, 0, 0, 0, 0, 1, 1, 1, 1, 0, 1, 1, 1, 1, 0, 1, 0, 0, 0, 0, 1, 1, 0, 1, 0, 1, 1, 1, 0, 0, 1, 1, 1, 1, 1, 0, 0, 0, 1]...
Output bits: [1, 0, 0, 0, 0, 0, 0, 1, 0, 1, 0, 0, 0, 1, 1, 1, 0, 0, 0, 0, 1, 0, 0, 0, 0, 1, 1, 1, 1, 0, 1, 1, 1, 1, 0, 1, 0, 0, 0, 0, 1, 1, 0, 1, 0, 1, 1, 1, 0, 0, 1, 1, 1, 1, 1, 0, 0, 0, 1, 1]...
Output bits: [1, 0, 0, 0, 0, 0, 0, 1, 0, 1, 0, 0, 0, 1, 1, 1, 0, 0, 0, 0, 1, 0, 0, 0, 0, 1, 1, 1, 1, 0, 1, 1, 1, 1, 0, 1, 0, 0, 0, 0, 1, 1, 0, 1, 0, 1, 1, 1, 0, 0, 1, 1, 1, 1, 1, 0, 0, 0, 1, 1, 0, 1, 1, 0, 0, 0, 1, 1, 0]...
Output bits: [1, 0, 0, 0, 0, 0, 0, 1, 0, 1, 0, 0, 0, 1, 1, 1, 0, 0, 0, 0, 1, 0, 0, 0, 0, 1, 1, 1, 1, 0, 1, 1, 1, 1, 0, 1, 0, 0, 0, 0, 1, 1, 0, 1, 0, 1, 1, 1, 0, 0, 1, 1, 1, 1, 1, 0, 0, 0, 1, 1, 0, 1, 1, 0, 0, 0, 1, 1, 0, 1]...
Output bits: [1, 0, 0, 0, 0, 0, 0, 1, 0, 1, 0, 0, 0, 1, 1, 1, 0, 0, 0, 0, 1, 0, 0, 0, 0, 1, 1, 1, 1, 0, 1, 1, 1, 1, 0, 1, 0, 0, 0, 0, 1, 1, 0, 1, 0, 1, 1, 1, 0, 0, 1, 1, 1, 1, 1, 0, 0, 0, 1, 1, 0, 1, 1, 0, 0, 0, 1, 1, 0, 1, 0]...
Output bits: [1, 0, 0, 0, 0, 0, 0, 1, 0, 1, 0, 0, 0, 1, 1, 1, 0, 0, 0, 0, 1, 0, 0, 0, 0, 1, 1, 1, 1, 0, 1, 1, 1, 1, 0, 1, 0, 0, 0, 0, 1, 1, 0, 1, 0, 1, 1, 1, 0, 0, 1, 1, 1, 1, 1, 0, 0, 0, 1, 1, 0, 1, 1, 0, 0, 0, 1, 1, 0, 1, 0, 1]...
Output bits: [1, 0, 0, 0, 0, 0, 0, 1, 0, 1, 0, 0, 0, 1, 1, 1, 0, 0, 0, 0, 1, 0, 0, 0, 0, 1, 1, 1, 1, 0, 1, 1, 1, 1, 0, 1, 0, 0, 0, 0, 1, 1, 0, 1, 0, 1, 1, 1, 0, 0, 1, 1, 1, 1, 1, 0, 0, 0, 1, 1, 0, 1, 1, 0, 0, 0, 1, 1, 0, 1, 0, 1, 1]...
Output bits: [1, 0, 0, 0, 0, 0, 0, 1, 0, 1, 0, 0, 0, 1, 1, 1, 0, 0, 0, 0, 1, 0, 0, 0, 0, 1, 1, 1, 1, 0, 1, 1, 1, 1, 0, 1, 0, 0, 0, 0, 1, 1, 0, 1, 0, 1, 1, 1, 0, 0, 1, 1, 1, 1, 1, 0, 0, 0, 1, 1, 0, 1, 1, 0, 0, 0, 1, 1, 0, 1, 0, 1, 1, 1, 1, 1]...
Output bits: [1, 0, 0, 0, 0, 0, 0, 1, 0, 1, 0, 0, 0, 1, 1, 1, 0, 0, 0, 0, 1, 0, 0, 0, 0, 1, 1, 1, 1, 0, 1, 1, 1, 1, 0, 1, 0, 0, 0, 0, 1, 1, 0, 1, 0, 1, 1, 1, 0, 0, 1, 1, 1, 1, 1, 0, 0, 0, 1, 1, 0, 1, 1, 0, 0, 0, 1, 1, 0, 1, 0, 1, 1, 1, 1, 1, 1]...
Output bits: [1, 0, 0, 0, 0, 0, 0, 1, 0, 1, 0, 0, 0, 1, 1, 1, 0, 0, 0, 0, 1, 0, 0, 0, 0, 1, 1, 1, 1, 0, 1, 1, 1, 1, 0, 1, 0, 0, 0, 0, 1, 1, 0, 1, 0, 1, 1, 1, 0, 0, 1, 1, 1, 1, 1, 0, 0, 0, 1, 1, 0, 1, 1, 0, 0, 0, 1, 1, 0, 1, 0, 1, 1, 1, 1, 1, 1, 1]...
Output bits: [1, 0, 0, 0, 0, 0, 0, 1, 0, 1, 0, 0, 0, 1, 1, 1, 0, 0, 0, 0, 1, 0, 0, 0, 0, 1, 1, 1, 1, 0, 1, 1, 1, 1, 0, 1, 0, 0, 0, 0, 1, 1, 0, 1, 0, 1, 1, 1, 0, 0, 1, 1, 1, 1, 1, 0, 0, 0, 1, 1, 0, 1, 1, 0, 0, 0, 1, 1, 0, 1, 0, 1, 1, 1, 1, 1, 1, 1, 1, 1]...
Output bits: [1, 0, 0, 0, 0, 0, 0, 1, 0, 1, 0, 0, 0, 1, 1, 1, 0, 0, 0, 0, 1, 0, 0, 0, 0, 1, 1, 1, 1, 0, 1, 1, 1, 1, 0, 1, 0, 0, 0, 0, 1, 1, 0, 1, 0, 1, 1, 1, 0, 0, 1, 1, 1, 1, 1, 0, 0, 0, 1, 1, 0, 1, 1, 0, 0, 0, 1, 1, 0, 1, 0, 1, 1, 1, 1, 1, 1, 1, 1, 1, 0, 1, 0, 0]...
Output bits: [1, 0, 0, 0, 0, 0, 0, 1, 0, 1, 0, 0, 0, 1, 1, 1, 0, 0, 0, 0, 1, 0, 0, 0, 0, 1, 1, 1, 1, 0, 1, 1, 1, 1, 0, 1, 0, 0, 0, 0, 1, 1, 0, 1, 0, 1, 1, 1, 0, 0, 1, 1, 1, 1, 1, 0, 0, 0, 1, 1, 0, 1, 1, 0, 0, 0, 1, 1, 0, 1, 0, 1, 1, 1, 1, 1, 1, 1, 1, 1, 0, 1, 0, 0, 1]...
Output bits: [1, 0, 0, 0, 0, 0, 0, 1, 0, 1, 0, 0, 0, 1, 1, 1, 0, 0, 0, 0, 1, 0, 0, 0, 0, 1, 1, 1, 1, 0, 1, 1, 1, 1, 0, 1, 0, 0, 0, 0, 1, 1, 0, 1, 0, 1, 1, 1, 0, 0, 1, 1, 1, 1, 1, 0, 0, 0, 1, 1, 0, 1, 1, 0, 0, 0, 1, 1, 0, 1, 0, 1, 1, 1, 1, 1, 1, 1, 1, 1, 0, 1, 0, 0, 1, 0, 0, 0, 1, 0, 1, 1]...
Output bits: [1, 0, 0, 0, 0, 0, 0, 1, 0, 1, 0, 0, 0, 1, 1, 1, 0, 0, 0, 0, 1, 0, 0, 0, 0, 1, 1, 1, 1, 0, 1, 1, 1, 1, 0, 1, 0, 0, 0, 0, 1, 1, 0, 1, 0, 1, 1, 1, 0, 0, 1, 1, 1, 1, 1, 0, 0, 0, 1, 1, 0, 1, 1, 0, 0, 0, 1, 1, 0, 1, 0, 1, 1, 1, 1, 1, 1, 1, 1, 1, 0, 1, 0, 0, 1, 0, 0, 0, 1, 0, 1, 1, 0, 1, 1]...
Output bits: [1, 0, 0, 0, 0, 0, 0, 1, 0, 1, 0, 0, 0, 1, 1, 1, 0, 0, 0, 0, 1, 0, 0, 0, 0, 1, 1, 1, 1, 0, 1, 1, 1, 1, 0, 1, 0, 0, 0, 0, 1, 1, 0, 1, 0, 1, 1, 1, 0, 0, 1, 1, 1, 1, 1, 0, 0, 0, 1, 1, 0, 1, 1, 0, 0, 0, 1, 1, 0, 1, 0, 1, 1, 1, 1, 1, 1, 1, 1, 1, 0, 1, 0, 0, 1, 0, 0, 0, 1, 0, 1, 1, 0, 1, 1, 1, 0, 1]...
Output bits: [1, 0, 0, 0, 0, 0, 0, 1, 0, 1, 0, 0, 0, 1, 1, 1, 0, 0, 0, 0, 1, 0, 0, 0, 0, 1, 1, 1, 1, 0, 1, 1, 1, 1, 0, 1, 0, 0, 0, 0, 1, 1, 0, 1, 0, 1, 1, 1, 0, 0, 1, 1, 1, 1, 1, 0, 0, 0, 1, 1, 0, 1, 1, 0, 0, 0, 1, 1, 0, 1, 0, 1, 1, 1, 1, 1, 1, 1, 1, 1, 0, 1, 0, 0, 1, 0, 0, 0, 1, 0, 1, 1, 0, 1, 1, 1, 0, 1, 0, 1]...
Output bits: [1, 0, 0, 0, 0, 0, 0, 1, 0, 1, 0, 0, 0, 1, 1, 1, 0, 0, 0, 0, 1, 0, 0, 0, 0, 1, 1, 1, 1, 0, 1, 1, 1, 1, 0, 1, 0, 0, 0, 0, 1, 1, 0, 1, 0, 1, 1, 1, 0, 0, 1, 1, 1, 1, 1, 0, 0, 0, 1, 1, 0, 1, 1, 0, 0, 0, 1, 1, 0, 1, 0, 1, 1, 1, 1, 1, 1, 1, 1, 1, 0, 1, 0, 0, 1, 0, 0, 0, 1, 0, 1, 1, 0, 1, 1, 1, 0, 1, 0, 1, 1]...
Output bits: [1, 0, 0, 0, 0, 0, 0, 1, 0, 1, 0, 0, 0, 1, 1, 1, 0, 0, 0, 0, 1, 0, 0, 0, 0, 1, 1, 1, 1, 0, 1, 1, 1, 1, 0, 1, 0, 0, 0, 0, 1, 1, 0, 1, 0, 1, 1, 1, 0, 0, 1, 1, 1, 1, 1, 0, 0, 0, 1, 1, 0, 1, 1, 0, 0, 0, 1, 1, 0, 1, 0, 1, 1, 1, 1, 1, 1, 1, 1, 1, 0, 1, 0, 0, 1, 0, 0, 0, 1, 0, 1, 1, 0, 1, 1, 1, 0, 1, 0, 1, 1, 0, 1, 0, 1, 1, 1, 1, 1, 1, 0]...
Output bits: [1, 0, 0, 0, 0, 0, 0, 1, 0, 1, 0, 0, 0, 1, 1, 1, 0, 0, 0, 0, 1, 0, 0, 0, 0, 1, 1, 1, 1, 0, 1, 1, 1, 1, 0, 1, 0, 0, 0, 0, 1, 1, 0, 1, 0, 1, 1, 1, 0, 0, 1, 1, 1, 1, 1, 0, 0, 0, 1, 1, 0, 1, 1, 0, 0, 0, 1, 1, 0, 1, 0, 1, 1, 1, 1, 1, 1, 1, 1, 1, 0, 1, 0, 0, 1, 0, 0, 0, 1, 0, 1, 1, 0, 1, 1, 1, 0, 1, 0, 1, 1, 0, 1, 0, 1, 1, 1, 1, 1, 1, 0, 0, 0, 0, 1, 0]...
Output bits: [1, 0, 0, 0, 0, 0, 0, 1, 0, 1, 0, 0, 0, 1, 1, 1, 0, 0, 0, 0, 1, 0, 0, 0, 0, 1, 1, 1, 1, 0, 1, 1, 1, 1, 0, 1, 0, 0, 0, 0, 1, 1, 0, 1, 0, 1, 1, 1, 0, 0, 1, 1, 1, 1, 1, 0, 0, 0, 1, 1, 0, 1, 1, 0, 0, 0, 1, 1, 0, 1, 0, 1, 1, 1, 1, 1, 1, 1, 1, 1, 0, 1, 0, 0, 1, 0, 0, 0, 1, 0, 1, 1, 0, 1, 1, 1, 0, 1, 0, 1, 1, 0, 1, 0, 1, 1, 1, 1, 1, 1, 0, 0, 0, 0, 1, 0, 0, 0]...
Output bits: [1, 0, 0, 0, 0, 0, 0, 1, 0, 1, 0, 0, 0, 1, 1, 1, 0, 0, 0, 0, 1, 0, 0, 0, 0, 1, 1, 1, 1, 0, 1, 1, 1, 1, 0, 1, 0, 0, 0, 0, 1, 1, 0, 1, 0, 1, 1, 1, 0, 0, 1, 1, 1, 1, 1, 0, 0, 0, 1, 1, 0, 1, 1, 0, 0, 0, 1, 1, 0, 1, 0, 1, 1, 1, 1, 1, 1, 1, 1, 1, 0, 1, 0, 0, 1, 0, 0, 0, 1, 0, 1, 1, 0, 1, 1, 1, 0, 1, 0, 1, 1, 0, 1, 0, 1, 1, 1, 1, 1, 1, 0, 0, 0, 0, 1, 0, 0, 0, 1]...
Output bits: [1, 0, 0, 0, 0, 0, 0, 1, 0, 1, 0, 0, 0, 1, 1, 1, 0, 0, 0, 0, 1, 0, 0, 0, 0, 1, 1, 1, 1, 0, 1, 1, 1, 1, 0, 1, 0, 0, 0, 0, 1, 1, 0, 1, 0, 1, 1, 1, 0, 0, 1, 1, 1, 1, 1, 0, 0, 0, 1, 1, 0, 1, 1, 0, 0, 0, 1, 1, 0, 1, 0, 1, 1, 1, 1, 1, 1, 1, 1, 1, 0, 1, 0, 0, 1, 0, 0, 0, 1, 0, 1, 1, 0, 1, 1, 1, 0, 1, 0, 1, 1, 0, 1, 0, 1, 1, 1, 1, 1, 1, 0, 0, 0, 0, 1, 0, 0, 0, 1, 1, 1]...
Output bits: [1, 0, 0, 0, 0, 0, 0, 1, 0, 1, 0, 0, 0, 1, 1, 1, 0, 0, 0, 0, 1, 0, 0, 0, 0, 1, 1, 1, 1, 0, 1, 1, 1, 1, 0, 1, 0, 0, 0, 0, 1, 1, 0, 1, 0, 1, 1, 1, 0, 0, 1, 1, 1, 1, 1, 0, 0, 0, 1, 1, 0, 1, 1, 0, 0, 0, 1, 1, 0, 1, 0, 1, 1, 1, 1, 1, 1, 1, 1, 1, 0, 1, 0, 0, 1, 0, 0, 0, 1, 0, 1, 1, 0, 1, 1, 1, 0, 1, 0, 1, 1, 0, 1, 0, 1, 1, 1, 1, 1, 1, 0, 0, 0, 0, 1, 0, 0, 0, 1, 1, 1, 0, 1, 0, 0, 1]...
Output bits: [1, 0, 0, 0, 0, 0, 0, 1, 0, 1, 0, 0, 0, 1, 1, 1, 0, 0, 0, 0, 1, 0, 0, 0, 0, 1, 1, 1, 1, 0, 1, 1, 1, 1, 0, 1, 0, 0, 0, 0, 1, 1, 0, 1, 0, 1, 1, 1, 0, 0, 1, 1, 1, 1, 1, 0, 0, 0, 1, 1, 0, 1, 1, 0, 0, 0, 1, 1, 0, 1, 0, 1, 1, 1, 1, 1, 1, 1, 1, 1, 0, 1, 0, 0, 1, 0, 0, 0, 1, 0, 1, 1, 0, 1, 1, 1, 0, 1, 0, 1, 1, 0, 1, 0, 1, 1, 1, 1, 1, 1, 0, 0, 0, 0, 1, 0, 0, 0, 1, 1, 1, 0, 1, 0, 0, 1, 0, 1, 1, 0]...
Output bits: [1, 0, 0, 0, 0, 0, 0, 1, 0, 1, 0, 0, 0, 1, 1, 1, 0, 0, 0, 0, 1, 0, 0, 0, 0, 1, 1, 1, 1, 0, 1, 1, 1, 1, 0, 1, 0, 0, 0, 0, 1, 1, 0, 1, 0, 1, 1, 1, 0, 0, 1, 1, 1, 1, 1, 0, 0, 0, 1, 1, 0, 1, 1, 0, 0, 0, 1, 1, 0, 1, 0, 1, 1, 1, 1, 1, 1, 1, 1, 1, 0, 1, 0, 0, 1, 0, 0, 0, 1, 0, 1, 1, 0, 1, 1, 1, 0, 1, 0, 1, 1, 0, 1, 0, 1, 1, 1, 1, 1, 1, 0, 0, 0, 0, 1, 0, 0, 0, 1, 1, 1, 0, 1, 0, 0, 1, 0, 1, 1, 0, 1, 1, 1]...
Output bits: [1, 0, 0, 0, 0, 0, 0, 1, 0, 1, 0, 0, 0, 1, 1, 1, 0, 0, 0, 0, 1, 0, 0, 0, 0, 1, 1, 1, 1, 0, 1, 1, 1, 1, 0, 1, 0, 0, 0, 0, 1, 1, 0, 1, 0, 1, 1, 1, 0, 0, 1, 1, 1, 1, 1, 0, 0, 0, 1, 1, 0, 1, 1, 0, 0, 0, 1, 1, 0, 1, 0, 1, 1, 1, 1, 1, 1, 1, 1, 1, 0, 1, 0, 0, 1, 0, 0, 0, 1, 0, 1, 1, 0, 1, 1, 1, 0, 1, 0, 1, 1, 0, 1, 0, 1, 1, 1, 1, 1, 1, 0, 0, 0, 0, 1, 0, 0, 0, 1, 1, 1, 0, 1, 0, 0, 1, 0, 1, 1, 0, 1, 1, 1, 0, 0]...
Output bits: [1, 0, 0, 0, 0, 0, 0, 1, 0, 1, 0, 0, 0, 1, 1, 1, 0, 0, 0, 0, 1, 0, 0, 0, 0, 1, 1, 1, 1, 0, 1, 1, 1, 1, 0, 1, 0, 0, 0, 0, 1, 1, 0, 1, 0, 1, 1, 1, 0, 0, 1, 1, 1, 1, 1, 0, 0, 0, 1, 1, 0, 1, 1, 0, 0, 0, 1, 1, 0, 1, 0, 1, 1, 1, 1, 1, 1, 1, 1, 1, 0, 1, 0, 0, 1, 0, 0, 0, 1, 0, 1, 1, 0, 1, 1, 1, 0, 1, 0, 1, 1, 0, 1, 0, 1, 1, 1, 1, 1, 1, 0, 0, 0, 0, 1, 0, 0, 0, 1, 1, 1, 0, 1, 0, 0, 1, 0, 1, 1, 0, 1, 1, 1, 0, 0, 1]...
Output bits: [1, 0, 0, 0, 0, 0, 0, 1, 0, 1, 0, 0, 0, 1, 1, 1, 0, 0, 0, 0, 1, 0, 0, 0, 0, 1, 1, 1, 1, 0, 1, 1, 1, 1, 0, 1, 0, 0, 0, 0, 1, 1, 0, 1, 0, 1, 1, 1, 0, 0, 1, 1, 1, 1, 1, 0, 0, 0, 1, 1, 0, 1, 1, 0, 0, 0, 1, 1, 0, 1, 0, 1, 1, 1, 1, 1, 1, 1, 1, 1, 0, 1, 0, 0, 1, 0, 0, 0, 1, 0, 1, 1, 0, 1, 1, 1, 0, 1, 0, 1, 1, 0, 1, 0, 1, 1, 1, 1, 1, 1, 0, 0, 0, 0, 1, 0, 0, 0, 1, 1, 1, 0, 1, 0, 0, 1, 0, 1, 1, 0, 1, 1, 1, 0, 0, 1, 1, 0]...
Output bits: [1, 0, 0, 0, 0, 0, 0, 1, 0, 1, 0, 0, 0, 1, 1, 1, 0, 0, 0, 0, 1, 0, 0, 0, 0, 1, 1, 1, 1, 0, 1, 1, 1, 1, 0, 1, 0, 0, 0, 0, 1, 1, 0, 1, 0, 1, 1, 1, 0, 0, 1, 1, 1, 1, 1, 0, 0, 0, 1, 1, 0, 1, 1, 0, 0, 0, 1, 1, 0, 1, 0, 1, 1, 1, 1, 1, 1, 1, 1, 1, 0, 1, 0, 0, 1, 0, 0, 0, 1, 0, 1, 1, 0, 1, 1, 1, 0, 1, 0, 1, 1, 0, 1, 0, 1, 1, 1, 1, 1, 1, 0, 0, 0, 0, 1, 0, 0, 0, 1, 1, 1, 0, 1, 0, 0, 1, 0, 1, 1, 0, 1, 1, 1, 0, 0, 1, 1, 0, 1, 1, 1, 1, 0]...
Output bits: [1, 0, 0, 0, 0, 0, 0, 1, 0, 1, 0, 0, 0, 1, 1, 1, 0, 0, 0, 0, 1, 0, 0, 0, 0, 1, 1, 1, 1, 0, 1, 1, 1, 1, 0, 1, 0, 0, 0, 0, 1, 1, 0, 1, 0, 1, 1, 1, 0, 0, 1, 1, 1, 1, 1, 0, 0, 0, 1, 1, 0, 1, 1, 0, 0, 0, 1, 1, 0, 1, 0, 1, 1, 1, 1, 1, 1, 1, 1, 1, 0, 1, 0, 0, 1, 0, 0, 0, 1, 0, 1, 1, 0, 1, 1, 1, 0, 1, 0, 1, 1, 0, 1, 0, 1, 1, 1, 1, 1, 1, 0, 0, 0, 0, 1, 0, 0, 0, 1, 1, 1, 0, 1, 0, 0, 1, 0, 1, 1, 0, 1, 1, 1, 0, 0, 1, 1, 0, 1, 1, 1, 1, 0, 1, 1, 1, 1, 0, 0, 0, 0, 1, 0]...
Output bits: [1, 0, 0, 0, 0, 0, 0, 1, 0, 1, 0, 0, 0, 1, 1, 1, 0, 0, 0, 0, 1, 0, 0, 0, 0, 1, 1, 1, 1, 0, 1, 1, 1, 1, 0, 1, 0, 0, 0, 0, 1, 1, 0, 1, 0, 1, 1, 1, 0, 0, 1, 1, 1, 1, 1, 0, 0, 0, 1, 1, 0, 1, 1, 0, 0, 0, 1, 1, 0, 1, 0, 1, 1, 1, 1, 1, 1, 1, 1, 1, 0, 1, 0, 0, 1, 0, 0, 0, 1, 0, 1, 1, 0, 1, 1, 1, 0, 1, 0, 1, 1, 0, 1, 0, 1, 1, 1, 1, 1, 1, 0, 0, 0, 0, 1, 0, 0, 0, 1, 1, 1, 0, 1, 0, 0, 1, 0, 1, 1, 0, 1, 1, 1, 0, 0, 1, 1, 0, 1, 1, 1, 1, 0, 1, 1, 1, 1, 0, 0, 0, 0, 1, 0, 1, 0, 0, 1, 0]...
Output bits: [1, 0, 0, 0, 0, 0, 0, 1, 0, 1, 0, 0, 0, 1, 1, 1, 0, 0, 0, 0, 1, 0, 0, 0, 0, 1, 1, 1, 1, 0, 1, 1, 1, 1, 0, 1, 0, 0, 0, 0, 1, 1, 0, 1, 0, 1, 1, 1, 0, 0, 1, 1, 1, 1, 1, 0, 0, 0, 1, 1, 0, 1, 1, 0, 0, 0, 1, 1, 0, 1, 0, 1, 1, 1, 1, 1, 1, 1, 1, 1, 0, 1, 0, 0, 1, 0, 0, 0, 1, 0, 1, 1, 0, 1, 1, 1, 0, 1, 0, 1, 1, 0, 1, 0, 1, 1, 1, 1, 1, 1, 0, 0, 0, 0, 1, 0, 0, 0, 1, 1, 1, 0, 1, 0, 0, 1, 0, 1, 1, 0, 1, 1, 1, 0, 0, 1, 1, 0, 1, 1, 1, 1, 0, 1, 1, 1, 1, 0, 0, 0, 0, 1, 0, 1, 0, 0, 1, 0, 0, 0, 1]...
Output bits: [1, 0, 0, 0, 0, 0, 0, 1, 0, 1, 0, 0, 0, 1, 1, 1, 0, 0, 0, 0, 1, 0, 0, 0, 0, 1, 1, 1, 1, 0, 1, 1, 1, 1, 0, 1, 0, 0, 0, 0, 1, 1, 0, 1, 0, 1, 1, 1, 0, 0, 1, 1, 1, 1, 1, 0, 0, 0, 1, 1, 0, 1, 1, 0, 0, 0, 1, 1, 0, 1, 0, 1, 1, 1, 1, 1, 1, 1, 1, 1, 0, 1, 0, 0, 1, 0, 0, 0, 1, 0, 1, 1, 0, 1, 1, 1, 0, 1, 0, 1, 1, 0, 1, 0, 1, 1, 1, 1, 1, 1, 0, 0, 0, 0, 1, 0, 0, 0, 1, 1, 1, 0, 1, 0, 0, 1, 0, 1, 1, 0, 1, 1, 1, 0, 0, 1, 1, 0, 1, 1, 1, 1, 0, 1, 1, 1, 1, 0, 0, 0, 0, 1, 0, 1, 0, 0, 1, 0, 0, 0, 1, 1, 0, 0]...
Output bits: [1, 0, 0, 0, 0, 0, 0, 1, 0, 1, 0, 0, 0, 1, 1, 1, 0, 0, 0, 0, 1, 0, 0, 0, 0, 1, 1, 1, 1, 0, 1, 1, 1, 1, 0, 1, 0, 0, 0, 0, 1, 1, 0, 1, 0, 1, 1, 1, 0, 0, 1, 1, 1, 1, 1, 0, 0, 0, 1, 1, 0, 1, 1, 0, 0, 0, 1, 1, 0, 1, 0, 1, 1, 1, 1, 1, 1, 1, 1, 1, 0, 1, 0, 0, 1, 0, 0, 0, 1, 0, 1, 1, 0, 1, 1, 1, 0, 1, 0, 1, 1, 0, 1, 0, 1, 1, 1, 1, 1, 1, 0, 0, 0, 0, 1, 0, 0, 0, 1, 1, 1, 0, 1, 0, 0, 1, 0, 1, 1, 0, 1, 1, 1, 0, 0, 1, 1, 0, 1, 1, 1, 1, 0, 1, 1, 1, 1, 0, 0, 0, 0, 1, 0, 1, 0, 0, 1, 0, 0, 0, 1, 1, 0, 0, 1]...
Output bits: [1, 0, 0, 0, 0, 0, 0, 1, 0, 1, 0, 0, 0, 1, 1, 1, 0, 0, 0, 0, 1, 0, 0, 0, 0, 1, 1, 1, 1, 0, 1, 1, 1, 1, 0, 1, 0, 0, 0, 0, 1, 1, 0, 1, 0, 1, 1, 1, 0, 0, 1, 1, 1, 1, 1, 0, 0, 0, 1, 1, 0, 1, 1, 0, 0, 0, 1, 1, 0, 1, 0, 1, 1, 1, 1, 1, 1, 1, 1, 1, 0, 1, 0, 0, 1, 0, 0, 0, 1, 0, 1, 1, 0, 1, 1, 1, 0, 1, 0, 1, 1, 0, 1, 0, 1, 1, 1, 1, 1, 1, 0, 0, 0, 0, 1, 0, 0, 0, 1, 1, 1, 0, 1, 0, 0, 1, 0, 1, 1, 0, 1, 1, 1, 0, 0, 1, 1, 0, 1, 1, 1, 1, 0, 1, 1, 1, 1, 0, 0, 0, 0, 1, 0, 1, 0, 0, 1, 0, 0, 0, 1, 1, 0, 0, 1, 0, 0, 1, 1, 0]...
Output bits: [1, 0, 0, 0, 0, 0, 0, 1, 0, 1, 0, 0, 0, 1, 1, 1, 0, 0, 0, 0, 1, 0, 0, 0, 0, 1, 1, 1, 1, 0, 1, 1, 1, 1, 0, 1, 0, 0, 0, 0, 1, 1, 0, 1, 0, 1, 1, 1, 0, 0, 1, 1, 1, 1, 1, 0, 0, 0, 1, 1, 0, 1, 1, 0, 0, 0, 1, 1, 0, 1, 0, 1, 1, 1, 1, 1, 1, 1, 1, 1, 0, 1, 0, 0, 1, 0, 0, 0, 1, 0, 1, 1, 0, 1, 1, 1, 0, 1, 0, 1, 1, 0, 1, 0, 1, 1, 1, 1, 1, 1, 0, 0, 0, 0, 1, 0, 0, 0, 1, 1, 1, 0, 1, 0, 0, 1, 0, 1, 1, 0, 1, 1, 1, 0, 0, 1, 1, 0, 1, 1, 1, 1, 0, 1, 1, 1, 1, 0, 0, 0, 0, 1, 0, 1, 0, 0, 1, 0, 0, 0, 1, 1, 0, 0, 1, 0, 0, 1, 1, 0, 1]...
Output bits: [1, 0, 0, 0, 0, 0, 0, 1, 0, 1, 0, 0, 0, 1, 1, 1, 0, 0, 0, 0, 1, 0, 0, 0, 0, 1, 1, 1, 1, 0, 1, 1, 1, 1, 0, 1, 0, 0, 0, 0, 1, 1, 0, 1, 0, 1, 1, 1, 0, 0, 1, 1, 1, 1, 1, 0, 0, 0, 1, 1, 0, 1, 1, 0, 0, 0, 1, 1, 0, 1, 0, 1, 1, 1, 1, 1, 1, 1, 1, 1, 0, 1, 0, 0, 1, 0, 0, 0, 1, 0, 1, 1, 0, 1, 1, 1, 0, 1, 0, 1, 1, 0, 1, 0, 1, 1, 1, 1, 1, 1, 0, 0, 0, 0, 1, 0, 0, 0, 1, 1, 1, 0, 1, 0, 0, 1, 0, 1, 1, 0, 1, 1, 1, 0, 0, 1, 1, 0, 1, 1, 1, 1, 0, 1, 1, 1, 1, 0, 0, 0, 0, 1, 0, 1, 0, 0, 1, 0, 0, 0, 1, 1, 0, 0, 1, 0, 0, 1, 1, 0, 1, 1]...
Output bits: [1, 0, 0, 0, 0, 0, 0, 1, 0, 1, 0, 0, 0, 1, 1, 1, 0, 0, 0, 0, 1, 0, 0, 0, 0, 1, 1, 1, 1, 0, 1, 1, 1, 1, 0, 1, 0, 0, 0, 0, 1, 1, 0, 1, 0, 1, 1, 1, 0, 0, 1, 1, 1, 1, 1, 0, 0, 0, 1, 1, 0, 1, 1, 0, 0, 0, 1, 1, 0, 1, 0, 1, 1, 1, 1, 1, 1, 1, 1, 1, 0, 1, 0, 0, 1, 0, 0, 0, 1, 0, 1, 1, 0, 1, 1, 1, 0, 1, 0, 1, 1, 0, 1, 0, 1, 1, 1, 1, 1, 1, 0, 0, 0, 0, 1, 0, 0, 0, 1, 1, 1, 0, 1, 0, 0, 1, 0, 1, 1, 0, 1, 1, 1, 0, 0, 1, 1, 0, 1, 1, 1, 1, 0, 1, 1, 1, 1, 0, 0, 0, 0, 1, 0, 1, 0, 0, 1, 0, 0, 0, 1, 1, 0, 0, 1, 0, 0, 1, 1, 0, 1, 1, 1]...
Output bits: [1, 0, 0, 0, 0, 0, 0, 1, 0, 1, 0, 0, 0, 1, 1, 1, 0, 0, 0, 0, 1, 0, 0, 0, 0, 1, 1, 1, 1, 0, 1, 1, 1, 1, 0, 1, 0, 0, 0, 0, 1, 1, 0, 1, 0, 1, 1, 1, 0, 0, 1, 1, 1, 1, 1, 0, 0, 0, 1, 1, 0, 1, 1, 0, 0, 0, 1, 1, 0, 1, 0, 1, 1, 1, 1, 1, 1, 1, 1, 1, 0, 1, 0, 0, 1, 0, 0, 0, 1, 0, 1, 1, 0, 1, 1, 1, 0, 1, 0, 1, 1, 0, 1, 0, 1, 1, 1, 1, 1, 1, 0, 0, 0, 0, 1, 0, 0, 0, 1, 1, 1, 0, 1, 0, 0, 1, 0, 1, 1, 0, 1, 1, 1, 0, 0, 1, 1, 0, 1, 1, 1, 1, 0, 1, 1, 1, 1, 0, 0, 0, 0, 1, 0, 1, 0, 0, 1, 0, 0, 0, 1, 1, 0, 0, 1, 0, 0, 1, 1, 0, 1, 1, 1, 1]...
Output bits: [1, 0, 0, 0, 0, 0, 0, 1, 0, 1, 0, 0, 0, 1, 1, 1, 0, 0, 0, 0, 1, 0, 0, 0, 0, 1, 1, 1, 1, 0, 1, 1, 1, 1, 0, 1, 0, 0, 0, 0, 1, 1, 0, 1, 0, 1, 1, 1, 0, 0, 1, 1, 1, 1, 1, 0, 0, 0, 1, 1, 0, 1, 1, 0, 0, 0, 1, 1, 0, 1, 0, 1, 1, 1, 1, 1, 1, 1, 1, 1, 0, 1, 0, 0, 1, 0, 0, 0, 1, 0, 1, 1, 0, 1, 1, 1, 0, 1, 0, 1, 1, 0, 1, 0, 1, 1, 1, 1, 1, 1, 0, 0, 0, 0, 1, 0, 0, 0, 1, 1, 1, 0, 1, 0, 0, 1, 0, 1, 1, 0, 1, 1, 1, 0, 0, 1, 1, 0, 1, 1, 1, 1, 0, 1, 1, 1, 1, 0, 0, 0, 0, 1, 0, 1, 0, 0, 1, 0, 0, 0, 1, 1, 0, 0, 1, 0, 0, 1, 1, 0, 1, 1, 1, 1, 1, 0, 1, 1]...
Output bits: [1, 0, 0, 0, 0, 0, 0, 1, 0, 1, 0, 0, 0, 1, 1, 1, 0, 0, 0, 0, 1, 0, 0, 0, 0, 1, 1, 1, 1, 0, 1, 1, 1, 1, 0, 1, 0, 0, 0, 0, 1, 1, 0, 1, 0, 1, 1, 1, 0, 0, 1, 1, 1, 1, 1, 0, 0, 0, 1, 1, 0, 1, 1, 0, 0, 0, 1, 1, 0, 1, 0, 1, 1, 1, 1, 1, 1, 1, 1, 1, 0, 1, 0, 0, 1, 0, 0, 0, 1, 0, 1, 1, 0, 1, 1, 1, 0, 1, 0, 1, 1, 0, 1, 0, 1, 1, 1, 1, 1, 1, 0, 0, 0, 0, 1, 0, 0, 0, 1, 1, 1, 0, 1, 0, 0, 1, 0, 1, 1, 0, 1, 1, 1, 0, 0, 1, 1, 0, 1, 1, 1, 1, 0, 1, 1, 1, 1, 0, 0, 0, 0, 1, 0, 1, 0, 0, 1, 0, 0, 0, 1, 1, 0, 0, 1, 0, 0, 1, 1, 0, 1, 1, 1, 1, 1, 0, 1, 1, 1, 0]...
Output bits: [1, 0, 0, 0, 0, 0, 0, 1, 0, 1, 0, 0, 0, 1, 1, 1, 0, 0, 0, 0, 1, 0, 0, 0, 0, 1, 1, 1, 1, 0, 1, 1, 1, 1, 0, 1, 0, 0, 0, 0, 1, 1, 0, 1, 0, 1, 1, 1, 0, 0, 1, 1, 1, 1, 1, 0, 0, 0, 1, 1, 0, 1, 1, 0, 0, 0, 1, 1, 0, 1, 0, 1, 1, 1, 1, 1, 1, 1, 1, 1, 0, 1, 0, 0, 1, 0, 0, 0, 1, 0, 1, 1, 0, 1, 1, 1, 0, 1, 0, 1, 1, 0, 1, 0, 1, 1, 1, 1, 1, 1, 0, 0, 0, 0, 1, 0, 0, 0, 1, 1, 1, 0, 1, 0, 0, 1, 0, 1, 1, 0, 1, 1, 1, 0, 0, 1, 1, 0, 1, 1, 1, 1, 0, 1, 1, 1, 1, 0, 0, 0, 0, 1, 0, 1, 0, 0, 1, 0, 0, 0, 1, 1, 0, 0, 1, 0, 0, 1, 1, 0, 1, 1, 1, 1, 1, 0, 1, 1, 1, 0, 1, 1, 1]...
Output bits: [1, 0, 0, 0, 0, 0, 0, 1, 0, 1, 0, 0, 0, 1, 1, 1, 0, 0, 0, 0, 1, 0, 0, 0, 0, 1, 1, 1, 1, 0, 1, 1, 1, 1, 0, 1, 0, 0, 0, 0, 1, 1, 0, 1, 0, 1, 1, 1, 0, 0, 1, 1, 1, 1, 1, 0, 0, 0, 1, 1, 0, 1, 1, 0, 0, 0, 1, 1, 0, 1, 0, 1, 1, 1, 1, 1, 1, 1, 1, 1, 0, 1, 0, 0, 1, 0, 0, 0, 1, 0, 1, 1, 0, 1, 1, 1, 0, 1, 0, 1, 1, 0, 1, 0, 1, 1, 1, 1, 1, 1, 0, 0, 0, 0, 1, 0, 0, 0, 1, 1, 1, 0, 1, 0, 0, 1, 0, 1, 1, 0, 1, 1, 1, 0, 0, 1, 1, 0, 1, 1, 1, 1, 0, 1, 1, 1, 1, 0, 0, 0, 0, 1, 0, 1, 0, 0, 1, 0, 0, 0, 1, 1, 0, 0, 1, 0, 0, 1, 1, 0, 1, 1, 1, 1, 1, 0, 1, 1, 1, 0, 1, 1, 1, 1, 1, 1]...
Output bits: [1, 0, 0, 0, 0, 0, 0, 1, 0, 1, 0, 0, 0, 1, 1, 1, 0, 0, 0, 0, 1, 0, 0, 0, 0, 1, 1, 1, 1, 0, 1, 1, 1, 1, 0, 1, 0, 0, 0, 0, 1, 1, 0, 1, 0, 1, 1, 1, 0, 0, 1, 1, 1, 1, 1, 0, 0, 0, 1, 1, 0, 1, 1, 0, 0, 0, 1, 1, 0, 1, 0, 1, 1, 1, 1, 1, 1, 1, 1, 1, 0, 1, 0, 0, 1, 0, 0, 0, 1, 0, 1, 1, 0, 1, 1, 1, 0, 1, 0, 1, 1, 0, 1, 0, 1, 1, 1, 1, 1, 1, 0, 0, 0, 0, 1, 0, 0, 0, 1, 1, 1, 0, 1, 0, 0, 1, 0, 1, 1, 0, 1, 1, 1, 0, 0, 1, 1, 0, 1, 1, 1, 1, 0, 1, 1, 1, 1, 0, 0, 0, 0, 1, 0, 1, 0, 0, 1, 0, 0, 0, 1, 1, 0, 0, 1, 0, 0, 1, 1, 0, 1, 1, 1, 1, 1, 0, 1, 1, 1, 0, 1, 1, 1, 1, 1, 1, 0, 1]...
Output bits: [1, 0, 0, 0, 0, 0, 0, 1, 0, 1, 0, 0, 0, 1, 1, 1, 0, 0, 0, 0, 1, 0, 0, 0, 0, 1, 1, 1, 1, 0, 1, 1, 1, 1, 0, 1, 0, 0, 0, 0, 1, 1, 0, 1, 0, 1, 1, 1, 0, 0, 1, 1, 1, 1, 1, 0, 0, 0, 1, 1, 0, 1, 1, 0, 0, 0, 1, 1, 0, 1, 0, 1, 1, 1, 1, 1, 1, 1, 1, 1, 0, 1, 0, 0, 1, 0, 0, 0, 1, 0, 1, 1, 0, 1, 1, 1, 0, 1, 0, 1, 1, 0, 1, 0, 1, 1, 1, 1, 1, 1, 0, 0, 0, 0, 1, 0, 0, 0, 1, 1, 1, 0, 1, 0, 0, 1, 0, 1, 1, 0, 1, 1, 1, 0, 0, 1, 1, 0, 1, 1, 1, 1, 0, 1, 1, 1, 1, 0, 0, 0, 0, 1, 0, 1, 0, 0, 1, 0, 0, 0, 1, 1, 0, 0, 1, 0, 0, 1, 1, 0, 1, 1, 1, 1, 1, 0, 1, 1, 1, 0, 1, 1, 1, 1, 1, 1, 0, 1, 1, 1, 0, 1, 0, 1]...
Output bits: [1, 0, 0, 0, 0, 0, 0, 1, 0, 1, 0, 0, 0, 1, 1, 1, 0, 0, 0, 0, 1, 0, 0, 0, 0, 1, 1, 1, 1, 0, 1, 1, 1, 1, 0, 1, 0, 0, 0, 0, 1, 1, 0, 1, 0, 1, 1, 1, 0, 0, 1, 1, 1, 1, 1, 0, 0, 0, 1, 1, 0, 1, 1, 0, 0, 0, 1, 1, 0, 1, 0, 1, 1, 1, 1, 1, 1, 1, 1, 1, 0, 1, 0, 0, 1, 0, 0, 0, 1, 0, 1, 1, 0, 1, 1, 1, 0, 1, 0, 1, 1, 0, 1, 0, 1, 1, 1, 1, 1, 1, 0, 0, 0, 0, 1, 0, 0, 0, 1, 1, 1, 0, 1, 0, 0, 1, 0, 1, 1, 0, 1, 1, 1, 0, 0, 1, 1, 0, 1, 1, 1, 1, 0, 1, 1, 1, 1, 0, 0, 0, 0, 1, 0, 1, 0, 0, 1, 0, 0, 0, 1, 1, 0, 0, 1, 0, 0, 1, 1, 0, 1, 1, 1, 1, 1, 0, 1, 1, 1, 0, 1, 1, 1, 1, 1, 1, 0, 1, 1, 1, 0, 1, 0, 1, 1]...
Output bits: [1, 0, 0, 0, 0, 0, 0, 1, 0, 1, 0, 0, 0, 1, 1, 1, 0, 0, 0, 0, 1, 0, 0, 0, 0, 1, 1, 1, 1, 0, 1, 1, 1, 1, 0, 1, 0, 0, 0, 0, 1, 1, 0, 1, 0, 1, 1, 1, 0, 0, 1, 1, 1, 1, 1, 0, 0, 0, 1, 1, 0, 1, 1, 0, 0, 0, 1, 1, 0, 1, 0, 1, 1, 1, 1, 1, 1, 1, 1, 1, 0, 1, 0, 0, 1, 0, 0, 0, 1, 0, 1, 1, 0, 1, 1, 1, 0, 1, 0, 1, 1, 0, 1, 0, 1, 1, 1, 1, 1, 1, 0, 0, 0, 0, 1, 0, 0, 0, 1, 1, 1, 0, 1, 0, 0, 1, 0, 1, 1, 0, 1, 1, 1, 0, 0, 1, 1, 0, 1, 1, 1, 1, 0, 1, 1, 1, 1, 0, 0, 0, 0, 1, 0, 1, 0, 0, 1, 0, 0, 0, 1, 1, 0, 0, 1, 0, 0, 1, 1, 0, 1, 1, 1, 1, 1, 0, 1, 1, 1, 0, 1, 1, 1, 1, 1, 1, 0, 1, 1, 1, 0, 1, 0, 1, 1, 1, 1]...
Output bits: [1, 0, 0, 0, 0, 0, 0, 1, 0, 1, 0, 0, 0, 1, 1, 1, 0, 0, 0, 0, 1, 0, 0, 0, 0, 1, 1, 1, 1, 0, 1, 1, 1, 1, 0, 1, 0, 0, 0, 0, 1, 1, 0, 1, 0, 1, 1, 1, 0, 0, 1, 1, 1, 1, 1, 0, 0, 0, 1, 1, 0, 1, 1, 0, 0, 0, 1, 1, 0, 1, 0, 1, 1, 1, 1, 1, 1, 1, 1, 1, 0, 1, 0, 0, 1, 0, 0, 0, 1, 0, 1, 1, 0, 1, 1, 1, 0, 1, 0, 1, 1, 0, 1, 0, 1, 1, 1, 1, 1, 1, 0, 0, 0, 0, 1, 0, 0, 0, 1, 1, 1, 0, 1, 0, 0, 1, 0, 1, 1, 0, 1, 1, 1, 0, 0, 1, 1, 0, 1, 1, 1, 1, 0, 1, 1, 1, 1, 0, 0, 0, 0, 1, 0, 1, 0, 0, 1, 0, 0, 0, 1, 1, 0, 0, 1, 0, 0, 1, 1, 0, 1, 1, 1, 1, 1, 0, 1, 1, 1, 0, 1, 1, 1, 1, 1, 1, 0, 1, 1, 1, 0, 1, 0, 1, 1, 1, 1, 1, 0, 1, 1]...
Output bits: [1, 0, 0, 0, 0, 0, 0, 1, 0, 1, 0, 0, 0, 1, 1, 1, 0, 0, 0, 0, 1, 0, 0, 0, 0, 1, 1, 1, 1, 0, 1, 1, 1, 1, 0, 1, 0, 0, 0, 0, 1, 1, 0, 1, 0, 1, 1, 1, 0, 0, 1, 1, 1, 1, 1, 0, 0, 0, 1, 1, 0, 1, 1, 0, 0, 0, 1, 1, 0, 1, 0, 1, 1, 1, 1, 1, 1, 1, 1, 1, 0, 1, 0, 0, 1, 0, 0, 0, 1, 0, 1, 1, 0, 1, 1, 1, 0, 1, 0, 1, 1, 0, 1, 0, 1, 1, 1, 1, 1, 1, 0, 0, 0, 0, 1, 0, 0, 0, 1, 1, 1, 0, 1, 0, 0, 1, 0, 1, 1, 0, 1, 1, 1, 0, 0, 1, 1, 0, 1, 1, 1, 1, 0, 1, 1, 1, 1, 0, 0, 0, 0, 1, 0, 1, 0, 0, 1, 0, 0, 0, 1, 1, 0, 0, 1, 0, 0, 1, 1, 0, 1, 1, 1, 1, 1, 0, 1, 1, 1, 0, 1, 1, 1, 1, 1, 1, 0, 1, 1, 1, 0, 1, 0, 1, 1, 1, 1, 1, 0, 1, 1, 0, 1]...
Output bits: [1, 0, 0, 0, 0, 0, 0, 1, 0, 1, 0, 0, 0, 1, 1, 1, 0, 0, 0, 0, 1, 0, 0, 0, 0, 1, 1, 1, 1, 0, 1, 1, 1, 1, 0, 1, 0, 0, 0, 0, 1, 1, 0, 1, 0, 1, 1, 1, 0, 0, 1, 1, 1, 1, 1, 0, 0, 0, 1, 1, 0, 1, 1, 0, 0, 0, 1, 1, 0, 1, 0, 1, 1, 1, 1, 1, 1, 1, 1, 1, 0, 1, 0, 0, 1, 0, 0, 0, 1, 0, 1, 1, 0, 1, 1, 1, 0, 1, 0, 1, 1, 0, 1, 0, 1, 1, 1, 1, 1, 1, 0, 0, 0, 0, 1, 0, 0, 0, 1, 1, 1, 0, 1, 0, 0, 1, 0, 1, 1, 0, 1, 1, 1, 0, 0, 1, 1, 0, 1, 1, 1, 1, 0, 1, 1, 1, 1, 0, 0, 0, 0, 1, 0, 1, 0, 0, 1, 0, 0, 0, 1, 1, 0, 0, 1, 0, 0, 1, 1, 0, 1, 1, 1, 1, 1, 0, 1, 1, 1, 0, 1, 1, 1, 1, 1, 1, 0, 1, 1, 1, 0, 1, 0, 1, 1, 1, 1, 1, 0, 1, 1, 0, 1, 0, 0, 1, 0, 0, 1, 1, 0, 0, 1, 0]...
Output bits: [1, 0, 0, 0, 0, 0, 0, 1, 0, 1, 0, 0, 0, 1, 1, 1, 0, 0, 0, 0, 1, 0, 0, 0, 0, 1, 1, 1, 1, 0, 1, 1, 1, 1, 0, 1, 0, 0, 0, 0, 1, 1, 0, 1, 0, 1, 1, 1, 0, 0, 1, 1, 1, 1, 1, 0, 0, 0, 1, 1, 0, 1, 1, 0, 0, 0, 1, 1, 0, 1, 0, 1, 1, 1, 1, 1, 1, 1, 1, 1, 0, 1, 0, 0, 1, 0, 0, 0, 1, 0, 1, 1, 0, 1, 1, 1, 0, 1, 0, 1, 1, 0, 1, 0, 1, 1, 1, 1, 1, 1, 0, 0, 0, 0, 1, 0, 0, 0, 1, 1, 1, 0, 1, 0, 0, 1, 0, 1, 1, 0, 1, 1, 1, 0, 0, 1, 1, 0, 1, 1, 1, 1, 0, 1, 1, 1, 1, 0, 0, 0, 0, 1, 0, 1, 0, 0, 1, 0, 0, 0, 1, 1, 0, 0, 1, 0, 0, 1, 1, 0, 1, 1, 1, 1, 1, 0, 1, 1, 1, 0, 1, 1, 1, 1, 1, 1, 0, 1, 1, 1, 0, 1, 0, 1, 1, 1, 1, 1, 0, 1, 1, 0, 1, 0, 0, 1, 0, 0, 1, 1, 0, 0, 1, 0, 1]...
Output bits: [1, 0, 0, 0, 0, 0, 0, 1, 0, 1, 0, 0, 0, 1, 1, 1, 0, 0, 0, 0, 1, 0, 0, 0, 0, 1, 1, 1, 1, 0, 1, 1, 1, 1, 0, 1, 0, 0, 0, 0, 1, 1, 0, 1, 0, 1, 1, 1, 0, 0, 1, 1, 1, 1, 1, 0, 0, 0, 1, 1, 0, 1, 1, 0, 0, 0, 1, 1, 0, 1, 0, 1, 1, 1, 1, 1, 1, 1, 1, 1, 0, 1, 0, 0, 1, 0, 0, 0, 1, 0, 1, 1, 0, 1, 1, 1, 0, 1, 0, 1, 1, 0, 1, 0, 1, 1, 1, 1, 1, 1, 0, 0, 0, 0, 1, 0, 0, 0, 1, 1, 1, 0, 1, 0, 0, 1, 0, 1, 1, 0, 1, 1, 1, 0, 0, 1, 1, 0, 1, 1, 1, 1, 0, 1, 1, 1, 1, 0, 0, 0, 0, 1, 0, 1, 0, 0, 1, 0, 0, 0, 1, 1, 0, 0, 1, 0, 0, 1, 1, 0, 1, 1, 1, 1, 1, 0, 1, 1, 1, 0, 1, 1, 1, 1, 1, 1, 0, 1, 1, 1, 0, 1, 0, 1, 1, 1, 1, 1, 0, 1, 1, 0, 1, 0, 0, 1, 0, 0, 1, 1, 0, 0, 1, 0, 1, 1, 0, 1, 1, 1, 0, 1, 0, 0, 0, 1, 1, 0]...
Output bits: [1, 0, 0, 0, 0, 0, 0, 1, 0, 1, 0, 0, 0, 1, 1, 1, 0, 0, 0, 0, 1, 0, 0, 0, 0, 1, 1, 1, 1, 0, 1, 1, 1, 1, 0, 1, 0, 0, 0, 0, 1, 1, 0, 1, 0, 1, 1, 1, 0, 0, 1, 1, 1, 1, 1, 0, 0, 0, 1, 1, 0, 1, 1, 0, 0, 0, 1, 1, 0, 1, 0, 1, 1, 1, 1, 1, 1, 1, 1, 1, 0, 1, 0, 0, 1, 0, 0, 0, 1, 0, 1, 1, 0, 1, 1, 1, 0, 1, 0, 1, 1, 0, 1, 0, 1, 1, 1, 1, 1, 1, 0, 0, 0, 0, 1, 0, 0, 0, 1, 1, 1, 0, 1, 0, 0, 1, 0, 1, 1, 0, 1, 1, 1, 0, 0, 1, 1, 0, 1, 1, 1, 1, 0, 1, 1, 1, 1, 0, 0, 0, 0, 1, 0, 1, 0, 0, 1, 0, 0, 0, 1, 1, 0, 0, 1, 0, 0, 1, 1, 0, 1, 1, 1, 1, 1, 0, 1, 1, 1, 0, 1, 1, 1, 1, 1, 1, 0, 1, 1, 1, 0, 1, 0, 1, 1, 1, 1, 1, 0, 1, 1, 0, 1, 0, 0, 1, 0, 0, 1, 1, 0, 0, 1, 0, 1, 1, 0, 1, 1, 1, 0, 1, 0, 0, 0, 1, 1, 0, 0, 0]...
Output bits: [1, 0, 0, 0, 0, 0, 0, 1, 0, 1, 0, 0, 0, 1, 1, 1, 0, 0, 0, 0, 1, 0, 0, 0, 0, 1, 1, 1, 1, 0, 1, 1, 1, 1, 0, 1, 0, 0, 0, 0, 1, 1, 0, 1, 0, 1, 1, 1, 0, 0, 1, 1, 1, 1, 1, 0, 0, 0, 1, 1, 0, 1, 1, 0, 0, 0, 1, 1, 0, 1, 0, 1, 1, 1, 1, 1, 1, 1, 1, 1, 0, 1, 0, 0, 1, 0, 0, 0, 1, 0, 1, 1, 0, 1, 1, 1, 0, 1, 0, 1, 1, 0, 1, 0, 1, 1, 1, 1, 1, 1, 0, 0, 0, 0, 1, 0, 0, 0, 1, 1, 1, 0, 1, 0, 0, 1, 0, 1, 1, 0, 1, 1, 1, 0, 0, 1, 1, 0, 1, 1, 1, 1, 0, 1, 1, 1, 1, 0, 0, 0, 0, 1, 0, 1, 0, 0, 1, 0, 0, 0, 1, 1, 0, 0, 1, 0, 0, 1, 1, 0, 1, 1, 1, 1, 1, 0, 1, 1, 1, 0, 1, 1, 1, 1, 1, 1, 0, 1, 1, 1, 0, 1, 0, 1, 1, 1, 1, 1, 0, 1, 1, 0, 1, 0, 0, 1, 0, 0, 1, 1, 0, 0, 1, 0, 1, 1, 0, 1, 1, 1, 0, 1, 0, 0, 0, 1, 1, 0, 0, 0, 0, 0, 0, 1, 0]...
Output bits: [1, 0, 0, 0, 0, 0, 0, 1, 0, 1, 0, 0, 0, 1, 1, 1, 0, 0, 0, 0, 1, 0, 0, 0, 0, 1, 1, 1, 1, 0, 1, 1, 1, 1, 0, 1, 0, 0, 0, 0, 1, 1, 0, 1, 0, 1, 1, 1, 0, 0, 1, 1, 1, 1, 1, 0, 0, 0, 1, 1, 0, 1, 1, 0, 0, 0, 1, 1, 0, 1, 0, 1, 1, 1, 1, 1, 1, 1, 1, 1, 0, 1, 0, 0, 1, 0, 0, 0, 1, 0, 1, 1, 0, 1, 1, 1, 0, 1, 0, 1, 1, 0, 1, 0, 1, 1, 1, 1, 1, 1, 0, 0, 0, 0, 1, 0, 0, 0, 1, 1, 1, 0, 1, 0, 0, 1, 0, 1, 1, 0, 1, 1, 1, 0, 0, 1, 1, 0, 1, 1, 1, 1, 0, 1, 1, 1, 1, 0, 0, 0, 0, 1, 0, 1, 0, 0, 1, 0, 0, 0, 1, 1, 0, 0, 1, 0, 0, 1, 1, 0, 1, 1, 1, 1, 1, 0, 1, 1, 1, 0, 1, 1, 1, 1, 1, 1, 0, 1, 1, 1, 0, 1, 0, 1, 1, 1, 1, 1, 0, 1, 1, 0, 1, 0, 0, 1, 0, 0, 1, 1, 0, 0, 1, 0, 1, 1, 0, 1, 1, 1, 0, 1, 0, 0, 0, 1, 1, 0, 0, 0, 0, 0, 0, 1, 0, 1]...
Output bits: [1, 0, 0, 0, 0, 0, 0, 1, 0, 1, 0, 0, 0, 1, 1, 1, 0, 0, 0, 0, 1, 0, 0, 0, 0, 1, 1, 1, 1, 0, 1, 1, 1, 1, 0, 1, 0, 0, 0, 0, 1, 1, 0, 1, 0, 1, 1, 1, 0, 0, 1, 1, 1, 1, 1, 0, 0, 0, 1, 1, 0, 1, 1, 0, 0, 0, 1, 1, 0, 1, 0, 1, 1, 1, 1, 1, 1, 1, 1, 1, 0, 1, 0, 0, 1, 0, 0, 0, 1, 0, 1, 1, 0, 1, 1, 1, 0, 1, 0, 1, 1, 0, 1, 0, 1, 1, 1, 1, 1, 1, 0, 0, 0, 0, 1, 0, 0, 0, 1, 1, 1, 0, 1, 0, 0, 1, 0, 1, 1, 0, 1, 1, 1, 0, 0, 1, 1, 0, 1, 1, 1, 1, 0, 1, 1, 1, 1, 0, 0, 0, 0, 1, 0, 1, 0, 0, 1, 0, 0, 0, 1, 1, 0, 0, 1, 0, 0, 1, 1, 0, 1, 1, 1, 1, 1, 0, 1, 1, 1, 0, 1, 1, 1, 1, 1, 1, 0, 1, 1, 1, 0, 1, 0, 1, 1, 1, 1, 1, 0, 1, 1, 0, 1, 0, 0, 1, 0, 0, 1, 1, 0, 0, 1, 0, 1, 1, 0, 1, 1, 1, 0, 1, 0, 0, 0, 1, 1, 0, 0, 0, 0, 0, 0, 1, 0, 1, 1]...
Output bits: [1, 0, 0, 0, 0, 0, 0, 1, 0, 1, 0, 0, 0, 1, 1, 1, 0, 0, 0, 0, 1, 0, 0, 0, 0, 1, 1, 1, 1, 0, 1, 1, 1, 1, 0, 1, 0, 0, 0, 0, 1, 1, 0, 1, 0, 1, 1, 1, 0, 0, 1, 1, 1, 1, 1, 0, 0, 0, 1, 1, 0, 1, 1, 0, 0, 0, 1, 1, 0, 1, 0, 1, 1, 1, 1, 1, 1, 1, 1, 1, 0, 1, 0, 0, 1, 0, 0, 0, 1, 0, 1, 1, 0, 1, 1, 1, 0, 1, 0, 1, 1, 0, 1, 0, 1, 1, 1, 1, 1, 1, 0, 0, 0, 0, 1, 0, 0, 0, 1, 1, 1, 0, 1, 0, 0, 1, 0, 1, 1, 0, 1, 1, 1, 0, 0, 1, 1, 0, 1, 1, 1, 1, 0, 1, 1, 1, 1, 0, 0, 0, 0, 1, 0, 1, 0, 0, 1, 0, 0, 0, 1, 1, 0, 0, 1, 0, 0, 1, 1, 0, 1, 1, 1, 1, 1, 0, 1, 1, 1, 0, 1, 1, 1, 1, 1, 1, 0, 1, 1, 1, 0, 1, 0, 1, 1, 1, 1, 1, 0, 1, 1, 0, 1, 0, 0, 1, 0, 0, 1, 1, 0, 0, 1, 0, 1, 1, 0, 1, 1, 1, 0, 1, 0, 0, 0, 1, 1, 0, 0, 0, 0, 0, 0, 1, 0, 1, 1, 1, 0]...
Output bits: [1, 0, 0, 0, 0, 0, 0, 1, 0, 1, 0, 0, 0, 1, 1, 1, 0, 0, 0, 0, 1, 0, 0, 0, 0, 1, 1, 1, 1, 0, 1, 1, 1, 1, 0, 1, 0, 0, 0, 0, 1, 1, 0, 1, 0, 1, 1, 1, 0, 0, 1, 1, 1, 1, 1, 0, 0, 0, 1, 1, 0, 1, 1, 0, 0, 0, 1, 1, 0, 1, 0, 1, 1, 1, 1, 1, 1, 1, 1, 1, 0, 1, 0, 0, 1, 0, 0, 0, 1, 0, 1, 1, 0, 1, 1, 1, 0, 1, 0, 1, 1, 0, 1, 0, 1, 1, 1, 1, 1, 1, 0, 0, 0, 0, 1, 0, 0, 0, 1, 1, 1, 0, 1, 0, 0, 1, 0, 1, 1, 0, 1, 1, 1, 0, 0, 1, 1, 0, 1, 1, 1, 1, 0, 1, 1, 1, 1, 0, 0, 0, 0, 1, 0, 1, 0, 0, 1, 0, 0, 0, 1, 1, 0, 0, 1, 0, 0, 1, 1, 0, 1, 1, 1, 1, 1, 0, 1, 1, 1, 0, 1, 1, 1, 1, 1, 1, 0, 1, 1, 1, 0, 1, 0, 1, 1, 1, 1, 1, 0, 1, 1, 0, 1, 0, 0, 1, 0, 0, 1, 1, 0, 0, 1, 0, 1, 1, 0, 1, 1, 1, 0, 1, 0, 0, 0, 1, 1, 0, 0, 0, 0, 0, 0, 1, 0, 1, 1, 1, 0, 1, 1, 1, 1, 0]...
Output bits: [1, 0, 0, 0, 0, 0, 0, 1, 0, 1, 0, 0, 0, 1, 1, 1, 0, 0, 0, 0, 1, 0, 0, 0, 0, 1, 1, 1, 1, 0, 1, 1, 1, 1, 0, 1, 0, 0, 0, 0, 1, 1, 0, 1, 0, 1, 1, 1, 0, 0, 1, 1, 1, 1, 1, 0, 0, 0, 1, 1, 0, 1, 1, 0, 0, 0, 1, 1, 0, 1, 0, 1, 1, 1, 1, 1, 1, 1, 1, 1, 0, 1, 0, 0, 1, 0, 0, 0, 1, 0, 1, 1, 0, 1, 1, 1, 0, 1, 0, 1, 1, 0, 1, 0, 1, 1, 1, 1, 1, 1, 0, 0, 0, 0, 1, 0, 0, 0, 1, 1, 1, 0, 1, 0, 0, 1, 0, 1, 1, 0, 1, 1, 1, 0, 0, 1, 1, 0, 1, 1, 1, 1, 0, 1, 1, 1, 1, 0, 0, 0, 0, 1, 0, 1, 0, 0, 1, 0, 0, 0, 1, 1, 0, 0, 1, 0, 0, 1, 1, 0, 1, 1, 1, 1, 1, 0, 1, 1, 1, 0, 1, 1, 1, 1, 1, 1, 0, 1, 1, 1, 0, 1, 0, 1, 1, 1, 1, 1, 0, 1, 1, 0, 1, 0, 0, 1, 0, 0, 1, 1, 0, 0, 1, 0, 1, 1, 0, 1, 1, 1, 0, 1, 0, 0, 0, 1, 1, 0, 0, 0, 0, 0, 0, 1, 0, 1, 1, 1, 0, 1, 1, 1, 1, 0, 1]...
Output bits: [1, 0, 0, 0, 0, 0, 0, 1, 0, 1, 0, 0, 0, 1, 1, 1, 0, 0, 0, 0, 1, 0, 0, 0, 0, 1, 1, 1, 1, 0, 1, 1, 1, 1, 0, 1, 0, 0, 0, 0, 1, 1, 0, 1, 0, 1, 1, 1, 0, 0, 1, 1, 1, 1, 1, 0, 0, 0, 1, 1, 0, 1, 1, 0, 0, 0, 1, 1, 0, 1, 0, 1, 1, 1, 1, 1, 1, 1, 1, 1, 0, 1, 0, 0, 1, 0, 0, 0, 1, 0, 1, 1, 0, 1, 1, 1, 0, 1, 0, 1, 1, 0, 1, 0, 1, 1, 1, 1, 1, 1, 0, 0, 0, 0, 1, 0, 0, 0, 1, 1, 1, 0, 1, 0, 0, 1, 0, 1, 1, 0, 1, 1, 1, 0, 0, 1, 1, 0, 1, 1, 1, 1, 0, 1, 1, 1, 1, 0, 0, 0, 0, 1, 0, 1, 0, 0, 1, 0, 0, 0, 1, 1, 0, 0, 1, 0, 0, 1, 1, 0, 1, 1, 1, 1, 1, 0, 1, 1, 1, 0, 1, 1, 1, 1, 1, 1, 0, 1, 1, 1, 0, 1, 0, 1, 1, 1, 1, 1, 0, 1, 1, 0, 1, 0, 0, 1, 0, 0, 1, 1, 0, 0, 1, 0, 1, 1, 0, 1, 1, 1, 0, 1, 0, 0, 0, 1, 1, 0, 0, 0, 0, 0, 0, 1, 0, 1, 1, 1, 0, 1, 1, 1, 1, 0, 1, 1]...
Output bits: [1, 0, 0, 0, 0, 0, 0, 1, 0, 1, 0, 0, 0, 1, 1, 1, 0, 0, 0, 0, 1, 0, 0, 0, 0, 1, 1, 1, 1, 0, 1, 1, 1, 1, 0, 1, 0, 0, 0, 0, 1, 1, 0, 1, 0, 1, 1, 1, 0, 0, 1, 1, 1, 1, 1, 0, 0, 0, 1, 1, 0, 1, 1, 0, 0, 0, 1, 1, 0, 1, 0, 1, 1, 1, 1, 1, 1, 1, 1, 1, 0, 1, 0, 0, 1, 0, 0, 0, 1, 0, 1, 1, 0, 1, 1, 1, 0, 1, 0, 1, 1, 0, 1, 0, 1, 1, 1, 1, 1, 1, 0, 0, 0, 0, 1, 0, 0, 0, 1, 1, 1, 0, 1, 0, 0, 1, 0, 1, 1, 0, 1, 1, 1, 0, 0, 1, 1, 0, 1, 1, 1, 1, 0, 1, 1, 1, 1, 0, 0, 0, 0, 1, 0, 1, 0, 0, 1, 0, 0, 0, 1, 1, 0, 0, 1, 0, 0, 1, 1, 0, 1, 1, 1, 1, 1, 0, 1, 1, 1, 0, 1, 1, 1, 1, 1, 1, 0, 1, 1, 1, 0, 1, 0, 1, 1, 1, 1, 1, 0, 1, 1, 0, 1, 0, 0, 1, 0, 0, 1, 1, 0, 0, 1, 0, 1, 1, 0, 1, 1, 1, 0, 1, 0, 0, 0, 1, 1, 0, 0, 0, 0, 0, 0, 1, 0, 1, 1, 1, 0, 1, 1, 1, 1, 0, 1, 1, 0]...
Output bits: [1, 0, 0, 0, 0, 0, 0, 1, 0, 1, 0, 0, 0, 1, 1, 1, 0, 0, 0, 0, 1, 0, 0, 0, 0, 1, 1, 1, 1, 0, 1, 1, 1, 1, 0, 1, 0, 0, 0, 0, 1, 1, 0, 1, 0, 1, 1, 1, 0, 0, 1, 1, 1, 1, 1, 0, 0, 0, 1, 1, 0, 1, 1, 0, 0, 0, 1, 1, 0, 1, 0, 1, 1, 1, 1, 1, 1, 1, 1, 1, 0, 1, 0, 0, 1, 0, 0, 0, 1, 0, 1, 1, 0, 1, 1, 1, 0, 1, 0, 1, 1, 0, 1, 0, 1, 1, 1, 1, 1, 1, 0, 0, 0, 0, 1, 0, 0, 0, 1, 1, 1, 0, 1, 0, 0, 1, 0, 1, 1, 0, 1, 1, 1, 0, 0, 1, 1, 0, 1, 1, 1, 1, 0, 1, 1, 1, 1, 0, 0, 0, 0, 1, 0, 1, 0, 0, 1, 0, 0, 0, 1, 1, 0, 0, 1, 0, 0, 1, 1, 0, 1, 1, 1, 1, 1, 0, 1, 1, 1, 0, 1, 1, 1, 1, 1, 1, 0, 1, 1, 1, 0, 1, 0, 1, 1, 1, 1, 1, 0, 1, 1, 0, 1, 0, 0, 1, 0, 0, 1, 1, 0, 0, 1, 0, 1, 1, 0, 1, 1, 1, 0, 1, 0, 0, 0, 1, 1, 0, 0, 0, 0, 0, 0, 1, 0, 1, 1, 1, 0, 1, 1, 1, 1, 0, 1, 1, 0, 0]...
Output bytes: b'\x81G\x08{\xd0\xd7>65\xffH\xb7Z\xfc#\xa5\xb9\xbd\xe1H\xc9\xbe\xef\xdd}\xa4\xcbt`]\xec\x80'
Done.

Input size: 3304 bits
Output size: 256 bits
Ratio: 12.91x
Input throughput: 0.10233390948535138 bits/second
Output throughput: 0.007929019615052034 bits/second
Total time: 32286.46 seconds
Loading model...
Load time: 182.45 seconds
Global seed set to 0
Input bytes: b'\x81G\x08{\xd0\xd7>65\xffH\xb7Z\xfc#\xa5\xb9\xbd\xe1H\xc9\xbe\xef\xdd}\xa4\xcbt`]\xec\x80'
Input bits: [1, 0, 0, 0, 0, 0, 0, 1, 0, 1, 0, 0, 0, 1, 1, 1, 0, 0, 0, 0, 1, 0, 0, 0, 0, 1, 1, 1, 1, 0, 1, 1, 1, 1, 0, 1, 0, 0, 0, 0, 1, 1, 0, 1, 0, 1, 1, 1, 0, 0, 1, 1, 1, 1, 1, 0, 0, 0, 1, 1, 0, 1, 1, 0, 0, 0, 1, 1, 0, 1, 0, 1, 1, 1, 1, 1, 1, 1, 1, 1, 0, 1, 0, 0, 1, 0, 0, 0, 1, 0, 1, 1, 0, 1, 1, 1, 0, 1, 0, 1, 1, 0, 1, 0, 1, 1, 1, 1, 1, 1, 0, 0, 0, 0, 1, 0, 0, 0, 1, 1, 1, 0, 1, 0, 0, 1, 0, 1, 1, 0, 1, 1, 1, 0, 0, 1, 1, 0, 1, 1, 1, 1, 0, 1, 1, 1, 1, 0, 0, 0, 0, 1, 0, 1, 0, 0, 1, 0, 0, 0, 1, 1, 0, 0, 1, 0, 0, 1, 1, 0, 1, 1, 1, 1, 1, 0, 1, 1, 1, 0, 1, 1, 1, 1, 1, 1, 0, 1, 1, 1, 0, 1, 0, 1, 1, 1, 1, 1, 0, 1, 1, 0, 1, 0, 0, 1, 0, 0, 1, 1, 0, 0, 1, 0, 1, 1, 0, 1, 1, 1, 0, 1, 0, 0, 0, 1, 1, 0, 0, 0, 0, 0, 0, 1, 0, 1, 1, 1, 0, 1, 1, 1, 1, 0, 1, 1, 0, 0]
Output tokens: [b'', b'A']...
Output tokens: [b'', b'A', b'regular']...
Output tokens: [b'', b'A', b'regular', b'expression']...
Output tokens: [b'', b'A', b'regular', b'expression', b'(']...
Output tokens: [b'', b'A', b'regular', b'expression', b'(', b'short']...
Output tokens: [b'', b'A', b'regular', b'expression', b'(', b'short', b'ened']...
Output tokens: [b'', b'A', b'regular', b'expression', b'(', b'short', b'ened', b'as']...
Output tokens: [b'', b'A', b'regular', b'expression', b'(', b'short', b'ened', b'as', b're']...
Output tokens: [b'', b'A', b'regular', b'expression', b'(', b'short', b'ened', b'as', b're', b'gex']...
Output tokens: [b'', b'A', b'regular', b'expression', b'(', b'short', b'ened', b'as', b're', b'gex', b'or']...
Output tokens: [b'', b'A', b'regular', b'expression', b'(', b'short', b'ened', b'as', b're', b'gex', b'or', b're']...
Output tokens: [b'', b'A', b'regular', b'expression', b'(', b'short', b'ened', b'as', b're', b'gex', b'or', b're', b'gex']...
Output tokens: [b'', b'A', b'regular', b'expression', b'(', b'short', b'ened', b'as', b're', b'gex', b'or', b're', b'gex', b'p']...
Output tokens: [b'', b'A', b'regular', b'expression', b'(', b'short', b'ened', b'as', b're', b'gex', b'or', b're', b'gex', b'p', b';']...
Output tokens: [b'', b'A', b'regular', b'expression', b'(', b'short', b'ened', b'as', b're', b'gex', b'or', b're', b'gex', b'p', b';', b'sometimes']...
Output tokens: [b'', b'A', b'regular', b'expression', b'(', b'short', b'ened', b'as', b're', b'gex', b'or', b're', b'gex', b'p', b';', b'sometimes', b'referred']...
Output tokens: [b'', b'A', b'regular', b'expression', b'(', b'short', b'ened', b'as', b're', b'gex', b'or', b're', b'gex', b'p', b';', b'sometimes', b'referred', b'to']...
Output tokens: [b'', b'A', b'regular', b'expression', b'(', b'short', b'ened', b'as', b're', b'gex', b'or', b're', b'gex', b'p', b';', b'sometimes', b'referred', b'to', b'as']...
Output tokens: [b'', b'A', b'regular', b'expression', b'(', b'short', b'ened', b'as', b're', b'gex', b'or', b're', b'gex', b'p', b';', b'sometimes', b'referred', b'to', b'as', b'rational']...
Output tokens: [b'', b'A', b'regular', b'expression', b'(', b'short', b'ened', b'as', b're', b'gex', b'or', b're', b'gex', b'p', b';', b'sometimes', b'referred', b'to', b'as', b'rational', b'expression']...
Output tokens: [b'', b'A', b'regular', b'expression', b'(', b'short', b'ened', b'as', b're', b'gex', b'or', b're', b'gex', b'p', b';', b'sometimes', b'referred', b'to', b'as', b'rational', b'expression', b')']...
Output tokens: [b'', b'A', b'regular', b'expression', b'(', b'short', b'ened', b'as', b're', b'gex', b'or', b're', b'gex', b'p', b';', b'sometimes', b'referred', b'to', b'as', b'rational', b'expression', b')', b'is']...
Output tokens: [b'', b'A', b'regular', b'expression', b'(', b'short', b'ened', b'as', b're', b'gex', b'or', b're', b'gex', b'p', b';', b'sometimes', b'referred', b'to', b'as', b'rational', b'expression', b')', b'is', b'a']...
Output tokens: [b'', b'A', b'regular', b'expression', b'(', b'short', b'ened', b'as', b're', b'gex', b'or', b're', b'gex', b'p', b';', b'sometimes', b'referred', b'to', b'as', b'rational', b'expression', b')', b'is', b'a', b'sequence']...
Output tokens: [b'', b'A', b'regular', b'expression', b'(', b'short', b'ened', b'as', b're', b'gex', b'or', b're', b'gex', b'p', b';', b'sometimes', b'referred', b'to', b'as', b'rational', b'expression', b')', b'is', b'a', b'sequence', b'of']...
Output tokens: [b'', b'A', b'regular', b'expression', b'(', b'short', b'ened', b'as', b're', b'gex', b'or', b're', b'gex', b'p', b';', b'sometimes', b'referred', b'to', b'as', b'rational', b'expression', b')', b'is', b'a', b'sequence', b'of', b'characters']...
Output tokens: [b'', b'A', b'regular', b'expression', b'(', b'short', b'ened', b'as', b're', b'gex', b'or', b're', b'gex', b'p', b';', b'sometimes', b'referred', b'to', b'as', b'rational', b'expression', b')', b'is', b'a', b'sequence', b'of', b'characters', b'that']...
Output tokens: [b'', b'A', b'regular', b'expression', b'(', b'short', b'ened', b'as', b're', b'gex', b'or', b're', b'gex', b'p', b';', b'sometimes', b'referred', b'to', b'as', b'rational', b'expression', b')', b'is', b'a', b'sequence', b'of', b'characters', b'that', b'specifies']...
Output tokens: [b'', b'A', b'regular', b'expression', b'(', b'short', b'ened', b'as', b're', b'gex', b'or', b're', b'gex', b'p', b';', b'sometimes', b'referred', b'to', b'as', b'rational', b'expression', b')', b'is', b'a', b'sequence', b'of', b'characters', b'that', b'specifies', b'a']...
Output tokens: [b'', b'A', b'regular', b'expression', b'(', b'short', b'ened', b'as', b're', b'gex', b'or', b're', b'gex', b'p', b';', b'sometimes', b'referred', b'to', b'as', b'rational', b'expression', b')', b'is', b'a', b'sequence', b'of', b'characters', b'that', b'specifies', b'a', b'match']...
Output tokens: [b'', b'A', b'regular', b'expression', b'(', b'short', b'ened', b'as', b're', b'gex', b'or', b're', b'gex', b'p', b';', b'sometimes', b'referred', b'to', b'as', b'rational', b'expression', b')', b'is', b'a', b'sequence', b'of', b'characters', b'that', b'specifies', b'a', b'match', b'pattern']...
Output tokens: [b'', b'A', b'regular', b'expression', b'(', b'short', b'ened', b'as', b're', b'gex', b'or', b're', b'gex', b'p', b';', b'sometimes', b'referred', b'to', b'as', b'rational', b'expression', b')', b'is', b'a', b'sequence', b'of', b'characters', b'that', b'specifies', b'a', b'match', b'pattern', b'in']...
Output tokens: [b'', b'A', b'regular', b'expression', b'(', b'short', b'ened', b'as', b're', b'gex', b'or', b're', b'gex', b'p', b';', b'sometimes', b'referred', b'to', b'as', b'rational', b'expression', b')', b'is', b'a', b'sequence', b'of', b'characters', b'that', b'specifies', b'a', b'match', b'pattern', b'in', b'text']...
Output tokens: [b'', b'A', b'regular', b'expression', b'(', b'short', b'ened', b'as', b're', b'gex', b'or', b're', b'gex', b'p', b';', b'sometimes', b'referred', b'to', b'as', b'rational', b'expression', b')', b'is', b'a', b'sequence', b'of', b'characters', b'that', b'specifies', b'a', b'match', b'pattern', b'in', b'text', b'.']...
Output tokens: [b'', b'A', b'regular', b'expression', b'(', b'short', b'ened', b'as', b're', b'gex', b'or', b're', b'gex', b'p', b';', b'sometimes', b'referred', b'to', b'as', b'rational', b'expression', b')', b'is', b'a', b'sequence', b'of', b'characters', b'that', b'specifies', b'a', b'match', b'pattern', b'in', b'text', b'.', b'Usually']...
Output tokens: [b'', b'A', b'regular', b'expression', b'(', b'short', b'ened', b'as', b're', b'gex', b'or', b're', b'gex', b'p', b';', b'sometimes', b'referred', b'to', b'as', b'rational', b'expression', b')', b'is', b'a', b'sequence', b'of', b'characters', b'that', b'specifies', b'a', b'match', b'pattern', b'in', b'text', b'.', b'Usually', b'such']...
Output tokens: [b'', b'A', b'regular', b'expression', b'(', b'short', b'ened', b'as', b're', b'gex', b'or', b're', b'gex', b'p', b';', b'sometimes', b'referred', b'to', b'as', b'rational', b'expression', b')', b'is', b'a', b'sequence', b'of', b'characters', b'that', b'specifies', b'a', b'match', b'pattern', b'in', b'text', b'.', b'Usually', b'such', b'patterns']...
Output tokens: [b'', b'A', b'regular', b'expression', b'(', b'short', b'ened', b'as', b're', b'gex', b'or', b're', b'gex', b'p', b';', b'sometimes', b'referred', b'to', b'as', b'rational', b'expression', b')', b'is', b'a', b'sequence', b'of', b'characters', b'that', b'specifies', b'a', b'match', b'pattern', b'in', b'text', b'.', b'Usually', b'such', b'patterns', b'are']...
Output tokens: [b'', b'A', b'regular', b'expression', b'(', b'short', b'ened', b'as', b're', b'gex', b'or', b're', b'gex', b'p', b';', b'sometimes', b'referred', b'to', b'as', b'rational', b'expression', b')', b'is', b'a', b'sequence', b'of', b'characters', b'that', b'specifies', b'a', b'match', b'pattern', b'in', b'text', b'.', b'Usually', b'such', b'patterns', b'are', b'used']...
Output tokens: [b'', b'A', b'regular', b'expression', b'(', b'short', b'ened', b'as', b're', b'gex', b'or', b're', b'gex', b'p', b';', b'sometimes', b'referred', b'to', b'as', b'rational', b'expression', b')', b'is', b'a', b'sequence', b'of', b'characters', b'that', b'specifies', b'a', b'match', b'pattern', b'in', b'text', b'.', b'Usually', b'such', b'patterns', b'are', b'used', b'by']...
Output tokens: [b'', b'A', b'regular', b'expression', b'(', b'short', b'ened', b'as', b're', b'gex', b'or', b're', b'gex', b'p', b';', b'sometimes', b'referred', b'to', b'as', b'rational', b'expression', b')', b'is', b'a', b'sequence', b'of', b'characters', b'that', b'specifies', b'a', b'match', b'pattern', b'in', b'text', b'.', b'Usually', b'such', b'patterns', b'are', b'used', b'by', b'string']...
Output tokens: [b'', b'A', b'regular', b'expression', b'(', b'short', b'ened', b'as', b're', b'gex', b'or', b're', b'gex', b'p', b';', b'sometimes', b'referred', b'to', b'as', b'rational', b'expression', b')', b'is', b'a', b'sequence', b'of', b'characters', b'that', b'specifies', b'a', b'match', b'pattern', b'in', b'text', b'.', b'Usually', b'such', b'patterns', b'are', b'used', b'by', b'string', b'-']...
Output tokens: [b'', b'A', b'regular', b'expression', b'(', b'short', b'ened', b'as', b're', b'gex', b'or', b're', b'gex', b'p', b';', b'sometimes', b'referred', b'to', b'as', b'rational', b'expression', b')', b'is', b'a', b'sequence', b'of', b'characters', b'that', b'specifies', b'a', b'match', b'pattern', b'in', b'text', b'.', b'Usually', b'such', b'patterns', b'are', b'used', b'by', b'string', b'-', b'search']...
Output tokens: [b'', b'A', b'regular', b'expression', b'(', b'short', b'ened', b'as', b're', b'gex', b'or', b're', b'gex', b'p', b';', b'sometimes', b'referred', b'to', b'as', b'rational', b'expression', b')', b'is', b'a', b'sequence', b'of', b'characters', b'that', b'specifies', b'a', b'match', b'pattern', b'in', b'text', b'.', b'Usually', b'such', b'patterns', b'are', b'used', b'by', b'string', b'-', b'search', b'ing']...
Output tokens: [b'', b'A', b'regular', b'expression', b'(', b'short', b'ened', b'as', b're', b'gex', b'or', b're', b'gex', b'p', b';', b'sometimes', b'referred', b'to', b'as', b'rational', b'expression', b')', b'is', b'a', b'sequence', b'of', b'characters', b'that', b'specifies', b'a', b'match', b'pattern', b'in', b'text', b'.', b'Usually', b'such', b'patterns', b'are', b'used', b'by', b'string', b'-', b'search', b'ing', b'algorithms']...
Output tokens: [b'', b'A', b'regular', b'expression', b'(', b'short', b'ened', b'as', b're', b'gex', b'or', b're', b'gex', b'p', b';', b'sometimes', b'referred', b'to', b'as', b'rational', b'expression', b')', b'is', b'a', b'sequence', b'of', b'characters', b'that', b'specifies', b'a', b'match', b'pattern', b'in', b'text', b'.', b'Usually', b'such', b'patterns', b'are', b'used', b'by', b'string', b'-', b'search', b'ing', b'algorithms', b'for']...
Output tokens: [b'', b'A', b'regular', b'expression', b'(', b'short', b'ened', b'as', b're', b'gex', b'or', b're', b'gex', b'p', b';', b'sometimes', b'referred', b'to', b'as', b'rational', b'expression', b')', b'is', b'a', b'sequence', b'of', b'characters', b'that', b'specifies', b'a', b'match', b'pattern', b'in', b'text', b'.', b'Usually', b'such', b'patterns', b'are', b'used', b'by', b'string', b'-', b'search', b'ing', b'algorithms', b'for', b'"']...
Output tokens: [b'', b'A', b'regular', b'expression', b'(', b'short', b'ened', b'as', b're', b'gex', b'or', b're', b'gex', b'p', b';', b'sometimes', b'referred', b'to', b'as', b'rational', b'expression', b')', b'is', b'a', b'sequence', b'of', b'characters', b'that', b'specifies', b'a', b'match', b'pattern', b'in', b'text', b'.', b'Usually', b'such', b'patterns', b'are', b'used', b'by', b'string', b'-', b'search', b'ing', b'algorithms', b'for', b'"', b'find']...
Output tokens: [b'', b'A', b'regular', b'expression', b'(', b'short', b'ened', b'as', b're', b'gex', b'or', b're', b'gex', b'p', b';', b'sometimes', b'referred', b'to', b'as', b'rational', b'expression', b')', b'is', b'a', b'sequence', b'of', b'characters', b'that', b'specifies', b'a', b'match', b'pattern', b'in', b'text', b'.', b'Usually', b'such', b'patterns', b'are', b'used', b'by', b'string', b'-', b'search', b'ing', b'algorithms', b'for', b'"', b'find', b'"']...
Output tokens: [b'', b'A', b'regular', b'expression', b'(', b'short', b'ened', b'as', b're', b'gex', b'or', b're', b'gex', b'p', b';', b'sometimes', b'referred', b'to', b'as', b'rational', b'expression', b')', b'is', b'a', b'sequence', b'of', b'characters', b'that', b'specifies', b'a', b'match', b'pattern', b'in', b'text', b'.', b'Usually', b'such', b'patterns', b'are', b'used', b'by', b'string', b'-', b'search', b'ing', b'algorithms', b'for', b'"', b'find', b'"', b'or']...
Output tokens: [b'', b'A', b'regular', b'expression', b'(', b'short', b'ened', b'as', b're', b'gex', b'or', b're', b'gex', b'p', b';', b'sometimes', b'referred', b'to', b'as', b'rational', b'expression', b')', b'is', b'a', b'sequence', b'of', b'characters', b'that', b'specifies', b'a', b'match', b'pattern', b'in', b'text', b'.', b'Usually', b'such', b'patterns', b'are', b'used', b'by', b'string', b'-', b'search', b'ing', b'algorithms', b'for', b'"', b'find', b'"', b'or', b'"']...
Output tokens: [b'', b'A', b'regular', b'expression', b'(', b'short', b'ened', b'as', b're', b'gex', b'or', b're', b'gex', b'p', b';', b'sometimes', b'referred', b'to', b'as', b'rational', b'expression', b')', b'is', b'a', b'sequence', b'of', b'characters', b'that', b'specifies', b'a', b'match', b'pattern', b'in', b'text', b'.', b'Usually', b'such', b'patterns', b'are', b'used', b'by', b'string', b'-', b'search', b'ing', b'algorithms', b'for', b'"', b'find', b'"', b'or', b'"', b'find']...
Output tokens: [b'', b'A', b'regular', b'expression', b'(', b'short', b'ened', b'as', b're', b'gex', b'or', b're', b'gex', b'p', b';', b'sometimes', b'referred', b'to', b'as', b'rational', b'expression', b')', b'is', b'a', b'sequence', b'of', b'characters', b'that', b'specifies', b'a', b'match', b'pattern', b'in', b'text', b'.', b'Usually', b'such', b'patterns', b'are', b'used', b'by', b'string', b'-', b'search', b'ing', b'algorithms', b'for', b'"', b'find', b'"', b'or', b'"', b'find', b'and']...
Output tokens: [b'', b'A', b'regular', b'expression', b'(', b'short', b'ened', b'as', b're', b'gex', b'or', b're', b'gex', b'p', b';', b'sometimes', b'referred', b'to', b'as', b'rational', b'expression', b')', b'is', b'a', b'sequence', b'of', b'characters', b'that', b'specifies', b'a', b'match', b'pattern', b'in', b'text', b'.', b'Usually', b'such', b'patterns', b'are', b'used', b'by', b'string', b'-', b'search', b'ing', b'algorithms', b'for', b'"', b'find', b'"', b'or', b'"', b'find', b'and', b'replace']...
Output tokens: [b'', b'A', b'regular', b'expression', b'(', b'short', b'ened', b'as', b're', b'gex', b'or', b're', b'gex', b'p', b';', b'sometimes', b'referred', b'to', b'as', b'rational', b'expression', b')', b'is', b'a', b'sequence', b'of', b'characters', b'that', b'specifies', b'a', b'match', b'pattern', b'in', b'text', b'.', b'Usually', b'such', b'patterns', b'are', b'used', b'by', b'string', b'-', b'search', b'ing', b'algorithms', b'for', b'"', b'find', b'"', b'or', b'"', b'find', b'and', b'replace', b'"']...
Output tokens: [b'', b'A', b'regular', b'expression', b'(', b'short', b'ened', b'as', b're', b'gex', b'or', b're', b'gex', b'p', b';', b'sometimes', b'referred', b'to', b'as', b'rational', b'expression', b')', b'is', b'a', b'sequence', b'of', b'characters', b'that', b'specifies', b'a', b'match', b'pattern', b'in', b'text', b'.', b'Usually', b'such', b'patterns', b'are', b'used', b'by', b'string', b'-', b'search', b'ing', b'algorithms', b'for', b'"', b'find', b'"', b'or', b'"', b'find', b'and', b'replace', b'"', b'operations']...
Output tokens: [b'', b'A', b'regular', b'expression', b'(', b'short', b'ened', b'as', b're', b'gex', b'or', b're', b'gex', b'p', b';', b'sometimes', b'referred', b'to', b'as', b'rational', b'expression', b')', b'is', b'a', b'sequence', b'of', b'characters', b'that', b'specifies', b'a', b'match', b'pattern', b'in', b'text', b'.', b'Usually', b'such', b'patterns', b'are', b'used', b'by', b'string', b'-', b'search', b'ing', b'algorithms', b'for', b'"', b'find', b'"', b'or', b'"', b'find', b'and', b'replace', b'"', b'operations', b'on']...
Output tokens: [b'', b'A', b'regular', b'expression', b'(', b'short', b'ened', b'as', b're', b'gex', b'or', b're', b'gex', b'p', b';', b'sometimes', b'referred', b'to', b'as', b'rational', b'expression', b')', b'is', b'a', b'sequence', b'of', b'characters', b'that', b'specifies', b'a', b'match', b'pattern', b'in', b'text', b'.', b'Usually', b'such', b'patterns', b'are', b'used', b'by', b'string', b'-', b'search', b'ing', b'algorithms', b'for', b'"', b'find', b'"', b'or', b'"', b'find', b'and', b'replace', b'"', b'operations', b'on', b'strings']...
Output tokens: [b'', b'A', b'regular', b'expression', b'(', b'short', b'ened', b'as', b're', b'gex', b'or', b're', b'gex', b'p', b';', b'sometimes', b'referred', b'to', b'as', b'rational', b'expression', b')', b'is', b'a', b'sequence', b'of', b'characters', b'that', b'specifies', b'a', b'match', b'pattern', b'in', b'text', b'.', b'Usually', b'such', b'patterns', b'are', b'used', b'by', b'string', b'-', b'search', b'ing', b'algorithms', b'for', b'"', b'find', b'"', b'or', b'"', b'find', b'and', b'replace', b'"', b'operations', b'on', b'strings', b',']...
Output tokens: [b'', b'A', b'regular', b'expression', b'(', b'short', b'ened', b'as', b're', b'gex', b'or', b're', b'gex', b'p', b';', b'sometimes', b'referred', b'to', b'as', b'rational', b'expression', b')', b'is', b'a', b'sequence', b'of', b'characters', b'that', b'specifies', b'a', b'match', b'pattern', b'in', b'text', b'.', b'Usually', b'such', b'patterns', b'are', b'used', b'by', b'string', b'-', b'search', b'ing', b'algorithms', b'for', b'"', b'find', b'"', b'or', b'"', b'find', b'and', b'replace', b'"', b'operations', b'on', b'strings', b',', b'or']...
Output tokens: [b'', b'A', b'regular', b'expression', b'(', b'short', b'ened', b'as', b're', b'gex', b'or', b're', b'gex', b'p', b';', b'sometimes', b'referred', b'to', b'as', b'rational', b'expression', b')', b'is', b'a', b'sequence', b'of', b'characters', b'that', b'specifies', b'a', b'match', b'pattern', b'in', b'text', b'.', b'Usually', b'such', b'patterns', b'are', b'used', b'by', b'string', b'-', b'search', b'ing', b'algorithms', b'for', b'"', b'find', b'"', b'or', b'"', b'find', b'and', b'replace', b'"', b'operations', b'on', b'strings', b',', b'or', b'for']...
Output tokens: [b'', b'A', b'regular', b'expression', b'(', b'short', b'ened', b'as', b're', b'gex', b'or', b're', b'gex', b'p', b';', b'sometimes', b'referred', b'to', b'as', b'rational', b'expression', b')', b'is', b'a', b'sequence', b'of', b'characters', b'that', b'specifies', b'a', b'match', b'pattern', b'in', b'text', b'.', b'Usually', b'such', b'patterns', b'are', b'used', b'by', b'string', b'-', b'search', b'ing', b'algorithms', b'for', b'"', b'find', b'"', b'or', b'"', b'find', b'and', b'replace', b'"', b'operations', b'on', b'strings', b',', b'or', b'for', b'input']...
Output tokens: [b'', b'A', b'regular', b'expression', b'(', b'short', b'ened', b'as', b're', b'gex', b'or', b're', b'gex', b'p', b';', b'sometimes', b'referred', b'to', b'as', b'rational', b'expression', b')', b'is', b'a', b'sequence', b'of', b'characters', b'that', b'specifies', b'a', b'match', b'pattern', b'in', b'text', b'.', b'Usually', b'such', b'patterns', b'are', b'used', b'by', b'string', b'-', b'search', b'ing', b'algorithms', b'for', b'"', b'find', b'"', b'or', b'"', b'find', b'and', b'replace', b'"', b'operations', b'on', b'strings', b',', b'or', b'for', b'input', b'validation']...
Output tokens: [b'', b'A', b'regular', b'expression', b'(', b'short', b'ened', b'as', b're', b'gex', b'or', b're', b'gex', b'p', b';', b'sometimes', b'referred', b'to', b'as', b'rational', b'expression', b')', b'is', b'a', b'sequence', b'of', b'characters', b'that', b'specifies', b'a', b'match', b'pattern', b'in', b'text', b'.', b'Usually', b'such', b'patterns', b'are', b'used', b'by', b'string', b'-', b'search', b'ing', b'algorithms', b'for', b'"', b'find', b'"', b'or', b'"', b'find', b'and', b'replace', b'"', b'operations', b'on', b'strings', b',', b'or', b'for', b'input', b'validation', b'.']...
Output tokens: [b'', b'A', b'regular', b'expression', b'(', b'short', b'ened', b'as', b're', b'gex', b'or', b're', b'gex', b'p', b';', b'sometimes', b'referred', b'to', b'as', b'rational', b'expression', b')', b'is', b'a', b'sequence', b'of', b'characters', b'that', b'specifies', b'a', b'match', b'pattern', b'in', b'text', b'.', b'Usually', b'such', b'patterns', b'are', b'used', b'by', b'string', b'-', b'search', b'ing', b'algorithms', b'for', b'"', b'find', b'"', b'or', b'"', b'find', b'and', b'replace', b'"', b'operations', b'on', b'strings', b',', b'or', b'for', b'input', b'validation', b'.', b'Regular']...
Output tokens: [b'', b'A', b'regular', b'expression', b'(', b'short', b'ened', b'as', b're', b'gex', b'or', b're', b'gex', b'p', b';', b'sometimes', b'referred', b'to', b'as', b'rational', b'expression', b')', b'is', b'a', b'sequence', b'of', b'characters', b'that', b'specifies', b'a', b'match', b'pattern', b'in', b'text', b'.', b'Usually', b'such', b'patterns', b'are', b'used', b'by', b'string', b'-', b'search', b'ing', b'algorithms', b'for', b'"', b'find', b'"', b'or', b'"', b'find', b'and', b'replace', b'"', b'operations', b'on', b'strings', b',', b'or', b'for', b'input', b'validation', b'.', b'Regular', b'expression']...
Output tokens: [b'', b'A', b'regular', b'expression', b'(', b'short', b'ened', b'as', b're', b'gex', b'or', b're', b'gex', b'p', b';', b'sometimes', b'referred', b'to', b'as', b'rational', b'expression', b')', b'is', b'a', b'sequence', b'of', b'characters', b'that', b'specifies', b'a', b'match', b'pattern', b'in', b'text', b'.', b'Usually', b'such', b'patterns', b'are', b'used', b'by', b'string', b'-', b'search', b'ing', b'algorithms', b'for', b'"', b'find', b'"', b'or', b'"', b'find', b'and', b'replace', b'"', b'operations', b'on', b'strings', b',', b'or', b'for', b'input', b'validation', b'.', b'Regular', b'expression', b'techniques']...
Output tokens: [b'', b'A', b'regular', b'expression', b'(', b'short', b'ened', b'as', b're', b'gex', b'or', b're', b'gex', b'p', b';', b'sometimes', b'referred', b'to', b'as', b'rational', b'expression', b')', b'is', b'a', b'sequence', b'of', b'characters', b'that', b'specifies', b'a', b'match', b'pattern', b'in', b'text', b'.', b'Usually', b'such', b'patterns', b'are', b'used', b'by', b'string', b'-', b'search', b'ing', b'algorithms', b'for', b'"', b'find', b'"', b'or', b'"', b'find', b'and', b'replace', b'"', b'operations', b'on', b'strings', b',', b'or', b'for', b'input', b'validation', b'.', b'Regular', b'expression', b'techniques', b'are']...
Output tokens: [b'', b'A', b'regular', b'expression', b'(', b'short', b'ened', b'as', b're', b'gex', b'or', b're', b'gex', b'p', b';', b'sometimes', b'referred', b'to', b'as', b'rational', b'expression', b')', b'is', b'a', b'sequence', b'of', b'characters', b'that', b'specifies', b'a', b'match', b'pattern', b'in', b'text', b'.', b'Usually', b'such', b'patterns', b'are', b'used', b'by', b'string', b'-', b'search', b'ing', b'algorithms', b'for', b'"', b'find', b'"', b'or', b'"', b'find', b'and', b'replace', b'"', b'operations', b'on', b'strings', b',', b'or', b'for', b'input', b'validation', b'.', b'Regular', b'expression', b'techniques', b'are', b'developed']...
Output tokens: [b'', b'A', b'regular', b'expression', b'(', b'short', b'ened', b'as', b're', b'gex', b'or', b're', b'gex', b'p', b';', b'sometimes', b'referred', b'to', b'as', b'rational', b'expression', b')', b'is', b'a', b'sequence', b'of', b'characters', b'that', b'specifies', b'a', b'match', b'pattern', b'in', b'text', b'.', b'Usually', b'such', b'patterns', b'are', b'used', b'by', b'string', b'-', b'search', b'ing', b'algorithms', b'for', b'"', b'find', b'"', b'or', b'"', b'find', b'and', b'replace', b'"', b'operations', b'on', b'strings', b',', b'or', b'for', b'input', b'validation', b'.', b'Regular', b'expression', b'techniques', b'are', b'developed', b'in']...
Output tokens: [b'', b'A', b'regular', b'expression', b'(', b'short', b'ened', b'as', b're', b'gex', b'or', b're', b'gex', b'p', b';', b'sometimes', b'referred', b'to', b'as', b'rational', b'expression', b')', b'is', b'a', b'sequence', b'of', b'characters', b'that', b'specifies', b'a', b'match', b'pattern', b'in', b'text', b'.', b'Usually', b'such', b'patterns', b'are', b'used', b'by', b'string', b'-', b'search', b'ing', b'algorithms', b'for', b'"', b'find', b'"', b'or', b'"', b'find', b'and', b'replace', b'"', b'operations', b'on', b'strings', b',', b'or', b'for', b'input', b'validation', b'.', b'Regular', b'expression', b'techniques', b'are', b'developed', b'in', b'theoretical']...
Output tokens: [b'', b'A', b'regular', b'expression', b'(', b'short', b'ened', b'as', b're', b'gex', b'or', b're', b'gex', b'p', b';', b'sometimes', b'referred', b'to', b'as', b'rational', b'expression', b')', b'is', b'a', b'sequence', b'of', b'characters', b'that', b'specifies', b'a', b'match', b'pattern', b'in', b'text', b'.', b'Usually', b'such', b'patterns', b'are', b'used', b'by', b'string', b'-', b'search', b'ing', b'algorithms', b'for', b'"', b'find', b'"', b'or', b'"', b'find', b'and', b'replace', b'"', b'operations', b'on', b'strings', b',', b'or', b'for', b'input', b'validation', b'.', b'Regular', b'expression', b'techniques', b'are', b'developed', b'in', b'theoretical', b'computer']...
Output tokens: [b'', b'A', b'regular', b'expression', b'(', b'short', b'ened', b'as', b're', b'gex', b'or', b're', b'gex', b'p', b';', b'sometimes', b'referred', b'to', b'as', b'rational', b'expression', b')', b'is', b'a', b'sequence', b'of', b'characters', b'that', b'specifies', b'a', b'match', b'pattern', b'in', b'text', b'.', b'Usually', b'such', b'patterns', b'are', b'used', b'by', b'string', b'-', b'search', b'ing', b'algorithms', b'for', b'"', b'find', b'"', b'or', b'"', b'find', b'and', b'replace', b'"', b'operations', b'on', b'strings', b',', b'or', b'for', b'input', b'validation', b'.', b'Regular', b'expression', b'techniques', b'are', b'developed', b'in', b'theoretical', b'computer', b'science']...
Output tokens: [b'', b'A', b'regular', b'expression', b'(', b'short', b'ened', b'as', b're', b'gex', b'or', b're', b'gex', b'p', b';', b'sometimes', b'referred', b'to', b'as', b'rational', b'expression', b')', b'is', b'a', b'sequence', b'of', b'characters', b'that', b'specifies', b'a', b'match', b'pattern', b'in', b'text', b'.', b'Usually', b'such', b'patterns', b'are', b'used', b'by', b'string', b'-', b'search', b'ing', b'algorithms', b'for', b'"', b'find', b'"', b'or', b'"', b'find', b'and', b'replace', b'"', b'operations', b'on', b'strings', b',', b'or', b'for', b'input', b'validation', b'.', b'Regular', b'expression', b'techniques', b'are', b'developed', b'in', b'theoretical', b'computer', b'science', b'and']...
Output tokens: [b'', b'A', b'regular', b'expression', b'(', b'short', b'ened', b'as', b're', b'gex', b'or', b're', b'gex', b'p', b';', b'sometimes', b'referred', b'to', b'as', b'rational', b'expression', b')', b'is', b'a', b'sequence', b'of', b'characters', b'that', b'specifies', b'a', b'match', b'pattern', b'in', b'text', b'.', b'Usually', b'such', b'patterns', b'are', b'used', b'by', b'string', b'-', b'search', b'ing', b'algorithms', b'for', b'"', b'find', b'"', b'or', b'"', b'find', b'and', b'replace', b'"', b'operations', b'on', b'strings', b',', b'or', b'for', b'input', b'validation', b'.', b'Regular', b'expression', b'techniques', b'are', b'developed', b'in', b'theoretical', b'computer', b'science', b'and', b'formal']...
Output tokens: [b'', b'A', b'regular', b'expression', b'(', b'short', b'ened', b'as', b're', b'gex', b'or', b're', b'gex', b'p', b';', b'sometimes', b'referred', b'to', b'as', b'rational', b'expression', b')', b'is', b'a', b'sequence', b'of', b'characters', b'that', b'specifies', b'a', b'match', b'pattern', b'in', b'text', b'.', b'Usually', b'such', b'patterns', b'are', b'used', b'by', b'string', b'-', b'search', b'ing', b'algorithms', b'for', b'"', b'find', b'"', b'or', b'"', b'find', b'and', b'replace', b'"', b'operations', b'on', b'strings', b',', b'or', b'for', b'input', b'validation', b'.', b'Regular', b'expression', b'techniques', b'are', b'developed', b'in', b'theoretical', b'computer', b'science', b'and', b'formal', b'language']...
Output tokens: [b'', b'A', b'regular', b'expression', b'(', b'short', b'ened', b'as', b're', b'gex', b'or', b're', b'gex', b'p', b';', b'sometimes', b'referred', b'to', b'as', b'rational', b'expression', b')', b'is', b'a', b'sequence', b'of', b'characters', b'that', b'specifies', b'a', b'match', b'pattern', b'in', b'text', b'.', b'Usually', b'such', b'patterns', b'are', b'used', b'by', b'string', b'-', b'search', b'ing', b'algorithms', b'for', b'"', b'find', b'"', b'or', b'"', b'find', b'and', b'replace', b'"', b'operations', b'on', b'strings', b',', b'or', b'for', b'input', b'validation', b'.', b'Regular', b'expression', b'techniques', b'are', b'developed', b'in', b'theoretical', b'computer', b'science', b'and', b'formal', b'language', b'theory']...
Output tokens: [b'', b'A', b'regular', b'expression', b'(', b'short', b'ened', b'as', b're', b'gex', b'or', b're', b'gex', b'p', b';', b'sometimes', b'referred', b'to', b'as', b'rational', b'expression', b')', b'is', b'a', b'sequence', b'of', b'characters', b'that', b'specifies', b'a', b'match', b'pattern', b'in', b'text', b'.', b'Usually', b'such', b'patterns', b'are', b'used', b'by', b'string', b'-', b'search', b'ing', b'algorithms', b'for', b'"', b'find', b'"', b'or', b'"', b'find', b'and', b'replace', b'"', b'operations', b'on', b'strings', b',', b'or', b'for', b'input', b'validation', b'.', b'Regular', b'expression', b'techniques', b'are', b'developed', b'in', b'theoretical', b'computer', b'science', b'and', b'formal', b'language', b'theory', b'.']...
Output tokens: [b'', b'A', b'regular', b'expression', b'(', b'short', b'ened', b'as', b're', b'gex', b'or', b're', b'gex', b'p', b';', b'sometimes', b'referred', b'to', b'as', b'rational', b'expression', b')', b'is', b'a', b'sequence', b'of', b'characters', b'that', b'specifies', b'a', b'match', b'pattern', b'in', b'text', b'.', b'Usually', b'such', b'patterns', b'are', b'used', b'by', b'string', b'-', b'search', b'ing', b'algorithms', b'for', b'"', b'find', b'"', b'or', b'"', b'find', b'and', b'replace', b'"', b'operations', b'on', b'strings', b',', b'or', b'for', b'input', b'validation', b'.', b'Regular', b'expression', b'techniques', b'are', b'developed', b'in', b'theoretical', b'computer', b'science', b'and', b'formal', b'language', b'theory', b'.', b'\n']...
Output bytes: b'A regular expression (shortened as regex or regexp; sometimes referred to as rational expression) is a sequence of characters that specifies a match pattern in text. Usually such patterns are used by string-searching algorithms for "find" or "find and replace" operations on strings, or for input validation. Regular expression techniques are developed in theoretical computer science and formal language theory.\n'
Done.

Input size: 256 bits
Output size: 3304 bits
Ratio: 12.91x
Input throughput: 0.008085661126321949 bits/second
Output throughput: 0.10435556382365455 bits/second
Total time: 31660.99 seconds
